0.823891 0.873691 1.049575 0.922611 1.192042 0.865721 1.082081 0.871205 0.822203 0.987356 1.132936 0.822871 0.827184 0.965713 1.040753 0.795416 
0.833722 1.202886 0.745971 0.869938 0.942207 0.837122 0.865320 1.103480 0.921810 0.911077 1.121150 1.217213 1.094880 1.253830 1.108403 1.106009 
0.918108 0.702331 1.017799 0.727624 1.180002 1.502863 0.997168 0.770658 0.759743 1.206916 0.750337 1.151980 0.916440 1.060513 0.629272 0.943143 
0.980655 0.800402 1.337993 0.760682 1.560614 1.104420 0.728202 0.881293 0.709810 1.138681 0.916921 1.168483 1.375781 1.237163 0.977356 1.113007 
0.954140 1.161751 0.780758 1.132413 0.805382 0.918421 1.024228 0.643420 0.827492 1.300822 0.796360 0.828993 1.021789 0.829354 0.923219 0.698455 
1.515572 0.832387 1.350358 1.000921 0.749654 1.170147 0.858485 0.904725 1.237178 0.658132 1.090167 1.587210 0.922213 0.988245 0.918398 1.001333 
0.976260 0.819782 0.744592 1.268164 0.754748 0.867302 1.148815 1.402729 1.659846 0.980661 0.828367 1.209977 1.070045 0.944497 1.033562 1.128450 
1.244874 0.838928 1.039366 0.851041 0.991264 0.874547 0.718550 0.840986 1.103862 1.111783 1.364968 1.151883 1.081997 0.978920 1.095771 0.933240 
1.004704 1.245557 1.061168 0.946554 0.948027 0.769442 0.813403 1.126434 0.918663 0.793009 0.845451 0.979373 1.163132 1.169842 0.952290 0.959179 
1.073830 0.930421 1.155893 1.071841 0.801838 0.885963 1.459146 1.379432 1.341987 1.303235 0.942819 1.119592 0.954366 0.843969 1.063477 0.755109 
1.251689 1.390821 0.956749 0.858938 1.033512 1.210472 1.005568 1.015035 0.904135 0.963888 1.017122 0.812046 1.063522 0.892997 1.436022 0.876945 
0.940297 1.009616 0.923386 1.007655 1.257457 1.074277 0.927143 0.877351 0.881412 0.615828 0.771371 0.729246 0.854580 0.990030 1.033756 1.136949 
0.718514 0.922282 1.058544 0.803639 0.972527 1.034499 0.850137 1.301716 0.825049 1.180586 0.774356 0.928937 0.941738 1.214621 1.430900 0.831582 
1.049385 1.255955 1.444010 0.939943 0.798125 1.379230 0.908785 0.765851 0.860486 1.324995 1.426755 1.086421 0.845623 1.450623 1.220267 1.336213 
1.076870 1.059290 0.749622 0.998362 0.842813 1.822790 0.620128 0.945909 1.005512 0.935772 1.062296 1.239766 1.693692 1.065130 1.126562 0.739543 
0.820503 0.778692 1.258339 1.343745 0.931395 1.435568 0.918236 0.868820 0.760699 0.912670 0.970276 0.842244 1.101877 1.084363 1.300514 1.307554 
1.237345 0.719781 1.539338 0.940917 0.963016 1.247403 1.160927 1.020674 0.865046 1.384455 0.774646 0.911098 0.974808 0.719921 0.874838 0.834447 
1.084943 1.336562 0.936615 0.975934 1.036933 0.783749 1.278163 1.027337 0.824657 0.938294 0.773616 0.670082 1.005885 0.903142 0.968003 0.687937 
1.121706 1.073974 1.470187 0.891287 0.874124 0.964447 0.905118 1.034860 0.974079 1.110989 1.005302 1.563702 1.119175 0.856935 0.927126 0.752683 
1.016673 0.982556 1.021717 1.215492 1.386876 1.135363 0.986556 0.981416 1.292746 0.945873 0.913800 1.051696 1.248860 1.117651 1.179541 1.171864 
1.133743 1.028833 0.933574 0.787911 1.192932 1.535082 1.042428 0.916905 1.092341 0.903431 1.067818 1.516483 0.847499 1.422011 0.526735 1.090991 
1.114351 0.621295 0.960721 1.342194 0.751719 1.441976 0.804073 0.922261 0.981925 0.977142 1.393813 1.100696 1.144998 1.319740 1.093334 1.180980 
0.825080 0.882510 0.848274 1.308875 1.011459 1.046001 1.391547 1.014752 0.960526 1.220725 1.160249 0.685734 1.051401 1.152530 0.896125 0.727572 
1.151271 1.488811 0.756900 1.315461 1.310128 1.435471 1.067811 0.711369 1.095855 1.113075 1.077804 1.028635 1.290166 0.965396 1.004612 0.873659 
0.904800 1.157561 1.122568 0.849640 0.778324 1.039401 0.745687 1.405207 1.201406 1.036838 1.430769 0.857211 1.204028 1.455934 0.997341 0.710757 
1.186607 1.073388 1.155557 0.704584 1.055415 0.861478 1.055007 0.995830 1.023636 0.934373 1.216901 1.048862 1.222100 1.402977 0.863394 1.077782 
1.274421 1.226318 1.185297 1.613960 0.895085 0.978683 0.602837 1.336715 1.341091 0.760001 1.199402 0.927646 0.947595 0.965894 1.344735 1.089510 
1.432715 0.836731 1.414917 0.942527 0.958011 1.215330 0.983254 0.858859 1.113903 0.962991 0.919905 0.946643 1.282403 1.015031 1.053226 0.748879 
0.860061 1.160059 1.104790 1.010016 0.853952 0.950030 0.898214 1.101384 0.932525 1.133490 0.910018 0.774928 1.007792 0.862028 0.554065 1.246304 
1.008015 1.207953 0.712601 0.803908 1.028327 1.214422 1.065540 0.951617 0.944960 0.957749 0.798650 0.704749 1.378973 1.007813 1.167302 1.016417 
0.977392 1.113030 1.009902 1.119968 0.964866 0.858684 0.840029 0.606978 0.949800 1.291112 1.347494 1.370635 0.803294 0.895508 0.962823 0.830342 
0.658105 1.041779 0.945030 1.037214 1.263039 1.124440 0.707074 1.042707 0.891125 0.844889 0.861576 0.922467 1.203235 0.940390 0.805177 1.214062 
1.051110 0.751260 1.082078 1.021396 0.935296 0.924972 0.881551 1.093812 0.933500 1.052889 0.821356 1.123561 1.557493 1.080087 1.110784 0.977881 
1.033333 1.091032 0.940213 1.064218 1.053980 0.900227 1.212053 0.995472 1.191100 0.951696 0.826714 0.831542 1.020339 1.076994 0.526600 0.913155 
0.836547 1.231864 1.462767 1.006240 0.765475 1.003110 0.770344 0.621398 0.965921 0.849714 0.997697 0.932971 0.926356 0.709204 0.780601 1.061072 
1.129491 1.127202 1.291770 0.753105 0.867250 0.835407 1.394962 0.999349 0.965086 0.843479 0.865619 0.794945 0.931894 0.806695 1.234520 1.140059 
0.730501 1.217427 0.986157 0.805859 1.039822 1.309849 0.938062 0.717604 1.397591 1.069442 1.339772 0.830492 1.384046 1.014948 1.063237 0.993516 
0.911152 1.008879 0.783074 1.188334 1.115719 1.434312 1.039601 1.342773 0.859223 1.102355 0.843239 1.011514 0.968482 0.827954 0.947646 0.979044 
1.151648 0.847359 0.814315 0.999856 1.114052 1.106426 1.149728 0.766520 1.009860 1.039191 1.119285 1.293348 1.128873 1.076038 1.114867 0.860463 
0.655783 1.361056 0.815612 1.021500 0.799925 1.364927 0.899644 1.100334 0.741083 0.861452 0.959898 1.613312 1.404957 1.192397 1.038211 0.906387 
1.362675 1.151504 0.751891 0.891000 0.732840 0.801194 1.453432 0.780522 0.942174 1.091872 1.153256 0.872992 1.418670 0.978513 0.996081 0.945833 
1.017587 0.890030 0.679638 0.783770 0.782558 0.968096 0.755346 0.712393 0.895373 0.967731 0.980686 1.209403 1.114773 0.822860 1.314235 1.167478 
0.653174 1.089156 0.866719 1.291965 0.711350 1.032398 0.933249 1.409725 1.483814 0.779730 1.028405 1.083733 1.175691 1.461482 0.868925 1.149787 
1.007810 1.043887 0.833831 0.801988 0.863949 1.102225 0.589384 0.835020 1.086262 1.165600 1.119819 1.099833 1.177791 0.952323 1.038025 0.980112 
0.884233 1.430938 0.975662 1.444797 0.958854 0.940602 0.899987 1.302270 1.130636 1.179186 0.608979 0.957926 0.925186 1.061311 0.813159 1.188305 
0.924394 0.690730 0.991043 0.910524 1.635923 1.306827 1.136991 0.939501 0.785637 0.821054 0.857745 0.826712 0.665404 1.227481 0.960637 0.706641 
1.051778 1.120283 1.026048 0.875420 1.152944 0.769295 1.152152 0.933941 0.818396 0.938477 1.215572 0.837111 1.409709 1.440703 0.970392 1.149697 
1.114389 1.303820 1.052251 0.809570 0.925586 1.395594 1.242380 1.019154 1.344637 1.044388 1.353995 0.853997 0.885546 1.305333 0.851935 1.375701 
1.058478 1.127928 1.208761 1.140140 0.739586 0.865638 1.626777 0.951354 0.982168 1.199862 1.353693 1.066341 1.012567 1.333515 1.107093 1.082655 
0.869660 0.977380 0.996780 1.378975 0.688795 0.805684 1.368274 0.768888 0.770035 1.047481 0.891487 1.178396 0.748971 0.771563 1.364686 1.178326 
1.089741 0.812748 0.821155 1.183325 1.118007 1.160125 1.129797 1.278206 1.176396 1.168344 1.085610 0.764562 0.946934 0.951152 0.831430 1.295475 
1.009703 0.700474 1.026510 1.260893 0.787390 0.756833 0.966201 0.983667 1.052127 1.118525 1.120875 1.365735 1.119808 0.941262 1.117197 1.337685 
0.988270 1.007890 1.092097 0.970773 1.010970 1.217548 1.156283 0.848632 0.929719 1.010051 0.993807 1.143828 1.296765 0.874838 0.585747 1.074467 
0.711347 0.989155 0.748793 0.692365 1.811270 1.090430 1.060833 1.464185 0.873291 1.153098 0.850220 0.898973 1.405348 0.971195 1.146854 1.567384 
0.696877 0.888315 1.113728 1.199505 1.016464 0.836351 0.893318 1.317896 0.811944 1.010337 1.212785 1.114724 0.933510 0.816875 1.262100 1.121852 
0.783032 1.101041 0.968665 0.901672 0.948863 0.761457 0.879182 0.826367 0.762113 0.873378 1.094567 0.843835 0.912202 0.966421 1.084697 1.016196 
0.940559 1.396520 0.689035 0.912028 1.181202 1.401963 0.823747 1.035074 1.182088 0.605954 0.893239 1.132977 1.132606 0.949676 1.286578 0.819027 
0.740316 0.862513 1.534751 1.312401 0.770948 0.808413 1.132002 0.965702 1.253524 0.828165 0.903860 0.891237 0.971102 1.077404 1.230904 1.264902 
1.101853 0.985472 0.926167 0.668273 0.661853 1.144555 1.061116 0.896305 1.069841 1.212868 0.840297 0.938223 0.842703 0.963986 1.247586 0.781053 
0.748905 1.210715 0.955251 0.907813 1.177285 1.527740 0.788646 1.051398 0.672570 1.212422 0.809074 1.018893 0.780587 1.054944 0.972759 1.176553 
1.302285 1.178747 1.029256 0.833417 0.757127 1.474222 0.785073 1.113629 1.241391 1.160152 0.792423 1.083763 1.230110 0.901397 1.240742 1.166224 
1.124992 0.873637 0.701219 1.133340 1.162531 1.333195 1.417487 0.850258 0.879458 0.948029 0.670050 1.089070 0.705343 1.076925 0.622357 1.015796 
0.764436 1.016762 0.993941 0.887600 0.980699 1.369301 1.122341 1.041475 0.832404 0.930599 1.700616 0.893826 0.948329 1.181798 0.717177 0.807793 
1.227520 0.951441 1.247912 1.697631 1.131349 1.017616 0.988895 0.847268 1.149098 1.121677 0.970911 0.958967 0.905671 1.056404 1.366840 0.970352 
0.985016 1.090695 1.042626 1.140699 0.773578 1.141854 0.641736 1.324696 1.052337 0.687096 1.465193 0.702822 1.846972 0.968094 0.946949 0.985713 
1.061304 0.916379 0.778580 0.800058 1.094713 0.991150 1.052874 1.513478 1.074221 1.029670 0.962854 0.927775 0.973339 1.236076 0.717493 0.847492 
0.925549 0.900825 1.035405 0.905885 1.044419 1.247081 1.038304 1.171856 1.270846 0.895263 0.867212 0.883010 1.122070 1.024013 1.215532 1.099059 
0.852706 1.590737 0.776362 1.030511 0.957240 1.017881 0.844456 1.104637 0.795341 1.102996 0.750809 1.136555 1.845081 0.929300 0.785759 0.898758 
0.969070 0.666880 0.961733 0.769855 1.315355 0.833506 1.058155 0.952309 0.956262 1.056803 0.901295 1.192855 1.196036 0.852647 1.341017 0.872530 
1.088423 0.925054 0.938264 0.931053 1.103418 0.922788 0.960112 0.854983 0.905195 0.935165 0.899992 0.873622 0.669936 0.933664 1.208979 0.862852 
1.082783 1.184387 0.908415 1.047520 1.182803 1.205258 0.969350 1.053096 0.929376 1.118131 1.065514 0.967650 1.296751 0.797797 0.666344 0.976770 
0.985935 0.729529 0.709955 0.849696 0.889025 1.030029 1.046306 1.276060 1.266938 1.135305 1.202859 0.982673 0.860450 1.249887 1.401984 1.336345 
1.104065 1.145962 0.980552 1.093692 0.941987 0.912368 0.785614 1.190107 0.963152 0.783864 0.980649 0.624813 1.125671 0.962312 1.094107 1.299695 
0.961907 0.963771 1.144970 0.952396 0.814263 0.956513 0.817991 1.216518 0.624453 1.317664 0.756346 0.761485 1.221190 0.998242 0.993172 1.056519 
0.961678 0.732414 1.088652 1.116486 0.811341 0.826702 0.906517 1.256669 0.914652 1.188748 1.072662 0.927216 1.056477 0.829619 0.860004 1.248308 
0.825707 0.758479 0.860578 1.162786 1.127076 0.869771 1.114113 1.009651 0.842070 0.872031 0.878478 0.900318 1.098951 0.866634 0.695360 0.928550 
0.746497 1.575777 0.919416 1.137753 0.801108 1.068581 0.815931 1.170887 1.341228 0.909598 1.275758 1.157721 0.993410 0.787083 1.345808 0.882428 
0.809394 1.197145 0.977788 1.144556 1.156920 1.015794 1.403263 0.700589 0.806149 1.141418 0.944261 0.688957 0.974391 1.099326 0.995595 0.995721 
0.891761 0.739521 0.783552 1.336673 0.938100 1.017269 1.068031 1.150785 1.058242 0.931152 1.027102 0.894406 0.802991 1.231605 1.016462 0.727389 
0.893479 1.045504 0.770299 1.066482 0.973884 1.143205 0.951524 1.250186 0.735327 0.918274 1.079829 0.792218 1.304663 0.990592 0.814878 1.077670 
1.113325 1.021952 1.163378 1.327166 0.930224 0.794420 0.923466 0.577222 0.883315 1.269607 0.688620 1.128443 0.994597 0.997489 0.779722 1.224842 
1.039189 0.897200 1.096695 1.129637 1.506466 0.902895 1.078727 0.736460 1.210918 1.112705 0.988250 0.773835 0.911621 1.310423 1.303720 0.995470 
1.153060 0.716580 1.053177 0.852105 0.987223 1.533121 0.635433 1.225756 1.384852 0.957743 1.192634 1.012780 0.832285 1.488473 0.799832 0.716754 
1.051346 0.894504 1.427320 1.049462 0.976543 0.878816 0.672901 1.032733 1.288260 1.122309 0.925126 0.790630 1.268756 1.075991 1.101984 1.079147 
1.192972 0.917532 1.136755 0.978274 0.999037 0.894322 0.860534 1.123106 0.847059 1.035981 0.985532 0.979212 0.892598 1.105925 0.999723 1.085136 
0.794654 1.154102 0.729515 1.104407 0.914944 0.880323 0.976440 1.281014 0.944764 1.049379 1.142718 1.247794 0.905834 0.921997 1.130014 0.933806 
0.858294 1.445260 1.181255 1.371469 0.891983 0.888674 1.172449 1.068559 0.922019 1.292807 1.476407 1.514246 1.053554 1.340272 1.243484 0.647080 
0.927032 1.099484 0.828982 1.018918 1.210493 0.982588 0.968843 1.061958 0.967010 1.558543 0.911215 1.238905 0.985525 1.244603 1.078089 0.859965 
1.130786 1.009393 0.806217 1.125462 0.581601 0.922236 0.739541 1.021304 1.105057 1.051253 1.082373 0.966966 0.728299 0.860657 0.783253 0.732476 
0.886773 1.076576 1.077798 1.056253 1.263732 0.835120 0.996376 0.967347 0.839422 0.841890 0.882923 1.233939 0.944049 0.885776 1.114865 0.968727 
0.976989 0.641838 1.499568 1.188273 1.096616 1.178541 0.963835 1.018505 0.934293 0.947478 1.031173 1.057535 0.911441 1.014730 1.173228 1.224289 
1.390685 0.975602 1.044120 1.256270 1.212227 1.277560 0.890488 0.850679 0.823321 1.442504 1.385607 1.054784 1.248052 0.858934 1.164169 1.229351 
0.867594 1.380963 0.867469 0.810910 1.026259 0.773083 0.811858 1.021136 0.958522 0.964576 1.208529 1.016450 0.689022 1.183939 1.061561 0.771409 
1.068380 1.184353 0.781829 0.563598 0.906336 1.028085 1.227654 0.863795 1.155217 1.288330 0.663733 0.939894 1.129142 1.410433 1.016968 1.063320 
1.183063 1.335249 0.970328 1.163795 1.433495 0.815033 1.258268 0.833983 1.189055 1.556324 0.947559 0.737332 1.216906 1.524987 1.449208 0.902787 
1.130898 0.692058 0.823395 0.872326 0.687641 1.100948 1.241933 1.016102 0.843882 0.817667 0.878692 0.972719 1.249035 0.634088 1.290231 0.763878 
1.007115 0.949459 0.852848 0.616705 1.422647 1.045659 1.140590 0.966130 0.651394 1.094141 0.784604 1.045502 1.110249 1.621868 1.003060 0.968556 
1.346135 1.091584 1.051874 1.050605 1.390087 0.980811 1.375009 0.998006 0.925888 1.314383 1.191202 1.737932 0.726241 0.894385 1.117968 1.102230 
0.804697 0.959216 0.938290 0.979324 1.009880 1.136973 1.025281 1.262222 0.866276 1.270809 0.619719 0.941283 1.521982 0.813631 0.867736 0.872538 
0.816264 1.662618 0.527376 0.802372 1.098800 1.249495 1.173739 1.418717 0.717059 0.941139 0.744727 0.874829 0.782195 1.178379 0.938067 1.407470 
1.052286 1.077737 1.076135 1.020740 1.174201 0.727377 1.124052 1.178498 1.140833 0.910616 0.731550 1.346671 1.509303 0.880535 0.978630 1.208925 
0.907703 1.030410 1.060029 1.024646 0.878440 0.704435 1.024875 1.071608 0.983290 1.128334 0.823480 0.812243 0.897083 1.249200 1.087906 1.049771 
0.847080 0.844182 1.108316 1.379156 1.093089 1.188883 0.839382 0.912827 0.975746 1.085614 1.063961 1.029218 1.272083 0.734563 1.120609 1.148353 
1.208548 0.870758 1.056619 0.916746 0.605590 0.902023 0.766311 0.752776 0.924909 1.164974 1.109104 1.023325 1.023094 0.841991 1.049666 0.851882 
0.955832 0.853513 0.701914 1.084305 0.894743 0.782712 1.288607 1.021844 0.646476 0.903551 1.206068 1.111119 1.122648 0.719218 0.957650 0.984175 
1.180453 1.273034 0.833124 1.102057 0.880245 0.958602 1.070391 1.073366 1.148126 0.903426 1.267816 1.222133 0.825420 1.464154 1.101098 0.780803 
0.710261 0.798205 1.628327 1.264914 1.282135 1.066513 1.273548 1.299176 1.158501 1.010440 1.378575 1.042063 0.952966 0.941434 1.278403 0.797956 
0.599082 1.141431 1.164640 0.969693 0.812514 0.872355 0.918106 0.724972 1.437711 0.907499 0.898115 0.668885 1.102582 0.976402 1.125730 1.244163 
0.685823 1.047657 1.238267 1.110321 0.879370 1.020430 0.769941 1.097717 0.716246 1.059443 0.807003 1.027396 1.463651 0.931190 0.677832 1.130887 
1.029181 0.696350 0.785581 1.043431 1.218445 0.984760 0.912259 0.969218 1.358293 0.980108 1.112871 1.272334 1.421043 1.125347 1.392980 0.799054 
0.747499 0.818947 0.704788 1.044645 1.128596 0.863566 0.740540 1.311291 0.784833 0.824957 1.320650 1.204297 1.398001 1.077655 1.181913 0.951026 
1.370561 0.945637 1.908081 0.796886 1.060162 0.764299 0.920811 0.765179 1.286345 1.359679 0.811019 1.029439 0.916093 0.772339 0.892328 1.041266 
1.284283 1.051974 1.236604 0.630708 1.098408 1.045667 1.083558 0.825584 0.776652 1.051908 1.056493 1.011779 1.118239 1.046078 0.789576 1.070207 
1.408572 0.987968 1.087914 0.852491 1.122550 0.889936 1.040481 0.755147 1.086402 0.827938 1.242842 1.162441 1.021169 0.962853 1.282908 1.246991 
0.744304 0.763810 1.209234 1.033450 1.249131 1.209465 1.362903 0.975075 0.959584 1.002973 0.871178 1.204310 1.190158 1.011472 1.032696 1.031395 
0.946795 0.926662 0.696576 1.199997 1.239162 1.002397 0.935365 1.292479 0.801690 1.261024 1.443865 1.481423 1.031052 1.165572 1.713050 0.874406 
0.774974 0.830574 1.369447 0.955760 1.164581 1.035043 1.181068 0.822138 1.110720 1.580574 0.954181 1.340393 1.514459 1.012571 0.963642 0.932451 
1.291072 1.110586 0.672886 1.043055 1.106267 1.094871 0.945398 0.951984 1.080180 0.928038 1.048232 0.976793 0.946928 1.006646 0.892576 1.320668 
1.090348 1.024895 1.115931 0.805091 1.170191 0.891991 0.739579 1.018834 0.893821 1.181089 1.153734 1.007120 0.859986 0.964106 0.979176 0.881008 
1.036591 0.973559 1.050587 1.027779 1.208031 1.394072 0.734238 1.198922 1.056545 1.043908 1.191007 0.764183 0.970994 0.916898 0.991610 0.951144 
0.972375 1.060641 0.769953 1.120472 0.950539 1.055392 0.869049 1.197894 0.874958 1.119654 1.032519 1.262909 0.821800 0.869345 1.026135 1.019399 
1.371380 0.874273 0.726250 1.161198 0.879208 0.801825 0.828890 0.764692 0.880351 0.967222 1.475024 0.949795 1.410781 0.638729 0.674108 0.836541 
0.808098 0.794956 1.379231 0.905629 1.400606 1.057478 1.099273 1.229582 0.857309 0.786940 1.157776 0.624354 1.040252 1.076029 1.015621 0.939491 
0.726825 1.017378 0.878347 0.931336 0.931328 1.045178 0.957004 0.993726 0.917998 0.787197 0.888034 1.232093 0.820036 1.059281 0.863506 0.892413 
1.284779 0.921084 1.049295 1.606541 0.964355 1.136029 1.134706 1.181705 0.893386 0.824461 1.271434 1.040574 0.814477 1.467136 1.108595 1.014217 
1.127519 1.098293 0.849875 0.978507 0.917514 0.988314 0.900728 0.891416 0.883263 0.788604 0.957091 0.731698 1.413550 1.181054 1.013514 1.666800 
0.902613 1.330299 1.417537 0.911735 0.862377 1.022547 0.878821 0.753368 1.034089 0.790511 0.981235 1.044543 0.824539 1.183891 1.144396 1.037356 
0.761254 0.841143 1.044796 0.950336 0.884129 0.757382 1.504901 1.268941 0.889468 0.659380 0.866909 1.150079 0.754648 0.976386 1.119283 0.939598 
0.989156 0.806064 1.182777 1.010128 1.014981 1.041684 0.739740 1.107464 0.694184 1.237310 1.048919 1.111981 0.828774 0.892419 1.352690 0.962517 
1.007641 0.614949 1.377118 0.723723 1.132707 1.020410 0.826741 0.926122 0.938129 1.157016 1.193013 0.920632 0.870624 0.721214 1.068021 0.955656 
1.045288 1.299406 0.788866 0.951585 1.338721 1.163881 1.031162 0.917147 0.912929 1.179904 1.246683 1.023279 0.939647 1.313214 0.799435 0.933349 
1.028804 1.159143 1.062513 1.270486 0.961009 0.813463 1.318877 1.243071 1.167140 1.514714 0.786718 1.316605 1.051953 1.370026 1.255375 0.711766 
1.136757 1.059078 1.084754 1.186416 0.743863 1.204750 1.642897 1.172402 1.139273 1.532984 0.918672 0.872578 0.980843 1.158428 1.148711 0.947010 
1.211105 1.235735 0.972672 1.040382 1.176333 0.711123 0.712003 1.111919 1.031416 1.235369 0.881631 0.967460 1.128757 0.927832 0.843992 0.992834 
0.658762 1.273549 0.918099 0.941297 1.069281 0.802481 0.810034 0.846693 0.865299 1.043833 0.808977 0.867167 0.797023 1.204601 1.124308 1.071962 
0.786759 0.983687 0.853687 1.177797 0.900961 1.100639 0.922961 1.127658 1.178074 1.193293 0.936994 1.150018 0.897540 1.226621 0.819065 1.068621 
0.944379 0.903168 1.075366 1.235701 1.140539 1.128506 0.922691 0.953773 0.907293 0.999480 1.052513 0.967212 0.994797 0.917923 0.957567 0.834673 
1.124827 0.983659 1.446225 1.389033 0.968703 0.648000 1.195196 0.646938 1.107470 1.195715 0.733315 1.017114 0.731364 1.047483 1.466451 0.851926 
0.831047 0.980222 0.719510 1.247282 1.119086 0.901817 0.775704 1.145659 1.340004 1.233601 1.040163 1.359145 0.936425 0.976287 1.039719 1.250073 
1.159680 1.286340 1.053100 0.995061 1.082138 0.795213 1.065017 0.892722 0.605066 1.076760 0.939144 0.801940 1.286179 1.089010 0.897435 0.849061 
1.050638 1.277384 0.992693 1.259796 0.873627 1.237558 0.745213 1.288984 0.988404 1.056189 0.990770 1.152292 1.009903 1.184545 1.124354 0.745278 
1.098900 1.176709 0.872735 0.690193 1.152682 0.770054 1.523384 0.958049 0.883663 1.076548 1.042263 1.163481 0.893281 0.670454 1.259735 1.308538 
0.775859 1.184652 1.044601 1.267666 1.008750 0.988758 0.918790 1.442006 1.078734 0.780659 1.289869 0.967915 0.884886 1.314655 0.850984 1.044391 
0.958049 1.387956 0.932774 1.582115 0.678636 1.287365 1.381375 0.609593 0.819437 0.901646 1.151893 1.116283 1.009593 0.910669 1.022199 1.037409 
0.986143 0.769153 1.032013 0.874161 1.498342 1.065113 0.967333 1.166501 0.899150 0.834198 1.153438 0.950744 0.820869 1.078167 1.338242 0.960912 
1.117763 1.038637 1.464445 0.937049 0.792081 1.051208 0.783199 0.798688 1.292282 0.942258 1.136169 0.845877 1.253511 1.013547 0.821595 1.030804 
0.846625 1.057680 1.008621 0.740738 0.939804 0.952769 0.865927 0.958357 0.924291 0.809325 0.666335 0.898041 0.759600 0.913002 0.987169 1.070838 
0.798332 1.166522 0.798651 0.952283 1.051877 1.111551 0.952109 0.961691 1.341459 1.310662 1.262971 0.951197 0.908729 0.889249 1.194151 1.186779 
1.019575 0.608392 0.874153 1.205185 0.808195 1.247581 0.944327 1.329169 1.019639 1.046831 0.767484 0.875116 0.896737 1.025844 1.028203 0.966136 
1.009472 0.981296 1.024199 1.288991 0.947275 0.957179 1.193104 0.906387 1.073882 1.538056 0.916703 1.292017 0.944648 0.748798 1.129445 0.991648 
1.190618 0.803851 1.594245 1.196805 1.018970 1.003720 1.280149 1.134798 0.967686 0.987835 0.840586 1.315346 0.998619 0.940957 0.901667 0.980515 
0.971560 0.987255 0.896404 0.832345 0.822699 0.899568 0.694995 1.394217 1.124223 1.105891 1.139949 0.940223 1.051626 0.916454 0.765479 0.928188 
1.119097 0.976340 0.782574 1.032008 1.075219 0.811134 1.214268 0.947075 0.891039 0.841542 1.366758 1.237030 0.792214 1.022709 1.197166 1.188891 
1.219210 1.381276 0.619770 1.209650 0.964545 0.712840 0.968679 0.972005 0.811209 1.071764 1.220714 0.689248 1.019074 1.095386 1.244152 1.319120 
0.761093 0.817430 0.894445 1.016882 1.169472 0.807689 0.943027 1.033096 0.996894 1.236501 0.754392 0.789795 0.938194 1.291071 0.935559 0.911870 
0.858222 0.846335 0.776010 1.107866 1.264784 1.153665 0.684898 0.934712 0.699646 0.685813 1.040401 0.880682 1.472676 1.093460 1.180500 0.833380 
0.976482 0.959175 0.721290 1.083109 1.185511 0.621642 0.777716 1.134558 0.663718 0.769747 0.775791 0.906133 1.105197 0.997000 0.815380 0.896476 
0.927745 1.105180 0.953490 1.279381 1.071390 1.178211 1.460058 0.820983 0.740371 0.872513 0.854920 1.209010 0.807924 1.145913 1.481659 1.016057 
0.788185 0.897064 0.808073 1.004223 1.167843 0.757152 0.926964 1.302374 1.250301 0.678155 0.829166 0.807620 1.440674 1.048777 1.121015 0.945881 
1.031548 0.872356 0.956899 0.861038 0.971511 1.029411 0.849796 0.992722 1.132486 1.063493 1.042558 0.999762 1.241590 1.513852 1.613847 1.208939 
0.815358 0.645255 0.848431 1.825623 1.174794 1.050725 1.019543 1.068172 0.793677 1.028932 1.108286 1.184212 1.296077 1.182044 0.862336 1.388924 
0.839485 1.080192 0.915838 1.030693 1.360828 1.246657 0.992651 1.443370 1.044560 1.152000 1.187440 0.880929 1.032394 1.071301 0.812542 0.829332 
1.144989 0.798231 1.130835 0.860805 1.179709 1.089117 0.825553 0.772105 0.893337 1.244388 1.027768 0.837293 0.789948 1.177876 1.710832 1.213429 
1.265138 1.479918 1.354615 0.848024 0.972102 1.297843 1.203949 0.671124 0.691110 0.848061 0.971543 1.033872 0.976306 1.131721 1.410816 1.413257 
0.729523 0.756893 1.438876 0.899628 0.822182 1.058768 1.050424 0.919237 1.608897 0.933265 1.077848 1.037447 0.772205 0.918584 1.118801 1.870415 
0.849013 0.902529 1.054445 0.959898 1.080360 1.301618 0.830592 0.862952 0.798557 0.747284 1.360153 1.086775 0.734849 1.095401 0.948684 1.084517 
0.757984 0.817179 0.976637 1.161791 0.775792 1.142351 0.843546 1.075329 1.067912 0.852020 1.020693 1.497796 1.194220 1.238018 0.729575 0.933305 
0.843198 1.030376 0.967629 1.374456 0.820413 0.969375 1.289782 1.117518 0.855890 1.027663 0.732913 1.061959 0.838443 0.882581 1.255553 1.009127 
1.300785 0.942670 1.306333 0.626396 0.682023 1.207962 1.103867 0.778250 0.932044 0.864428 1.062602 0.922117 0.868658 1.042271 0.889515 1.002303 
0.792370 1.166168 0.812427 0.575961 1.314281 0.975735 0.935488 0.890230 1.239960 1.290959 1.149260 0.576284 0.918365 1.349446 1.183784 0.854883 
0.831565 1.220388 0.691102 1.095121 0.959788 1.075091 1.001022 1.175728 0.874002 0.742250 1.078504 1.277157 1.239935 0.872189 1.077531 0.780153 
0.942418 1.210088 1.133327 0.779602 0.835803 1.064418 0.995892 0.861199 0.954374 0.918787 1.120391 1.140001 1.109566 0.863236 0.831201 0.969758 
0.935555 1.102837 1.065338 0.773298 0.997344 1.030849 0.939499 1.208422 0.895676 1.172359 0.935360 1.225796 0.967879 0.911180 0.844200 0.940868 
1.272951 0.830212 1.275676 0.794892 1.367649 0.802492 1.198691 1.019671 0.834365 1.101568 1.217642 0.942762 1.048610 0.699859 0.926825 0.781752 
1.112957 0.966696 0.702267 1.306507 0.925225 0.855756 1.046640 1.040653 0.965242 0.954117 1.110562 1.014251 1.333624 1.082693 0.807433 0.749966 
0.632329 0.896299 1.021548 1.241415 1.111006 1.604819 0.870760 1.049806 0.798768 1.118481 1.414823 0.661230 0.914493 0.982324 0.979257 1.106502 
1.059983 1.095036 0.811484 1.010837 1.094099 1.267097 0.850187 1.002711 0.972456 0.983970 0.933446 0.783291 1.385842 0.908159 0.907597 1.048403 
0.749774 1.264186 1.507196 1.051634 0.983293 0.920086 1.349707 0.814128 1.191659 0.722969 1.187659 0.894799 1.058641 0.935740 1.018287 0.984281 
0.965155 1.010995 1.011392 1.004990 0.949321 1.701359 0.762425 0.781591 1.449824 1.374765 1.103758 1.086905 0.898862 1.006524 1.328759 0.962594 
1.197396 1.460234 1.141729 1.073125 1.007810 1.014642 0.822455 1.003759 1.008248 0.719457 0.885333 1.222130 1.161269 1.177413 0.893968 0.794009 
1.296873 1.084141 0.899050 1.142227 0.702265 1.348993 1.207946 1.094153 0.806066 0.867594 0.782503 0.888225 1.368996 1.100822 1.018127 1.152934 
0.887561 1.339268 1.026655 0.922407 1.099667 1.153655 0.853968 1.510830 1.861157 0.911177 0.792871 0.895327 0.882091 0.983755 0.871135 1.140088 
0.907346 0.870185 1.235273 0.931321 1.048886 0.544072 1.507891 0.846243 0.853382 0.877411 0.980561 1.240605 1.403304 0.650857 0.982163 1.142749 
1.188838 1.461691 1.070394 1.117397 1.067934 0.740110 1.234838 1.079425 1.215710 0.757390 0.922747 1.203738 1.134001 1.045349 0.748835 0.766365 
0.906099 0.791413 1.117413 1.078032 1.004563 1.597938 0.986299 0.840634 1.320807 1.138726 0.939120 0.953497 0.577605 0.832048 0.785344 0.830128 
0.736923 0.962608 1.036258 1.056908 1.185468 1.218338 0.900972 1.022328 1.426395 0.951487 1.254796 1.202647 0.979998 1.190717 0.616265 1.137869 
1.072918 0.762063 0.949095 0.871772 0.947463 1.009231 0.973621 1.176653 1.349044 0.926554 1.010136 0.848820 0.999869 1.007067 1.157108 0.602170 
1.020596 1.081243 1.189169 0.754027 0.890040 1.305519 1.197291 0.848974 1.119273 1.053769 1.002571 1.138420 0.914524 0.951101 0.803648 1.127535 
0.772286 0.896407 1.315563 1.288560 1.061287 1.465797 0.713425 1.233592 0.936665 0.814572 1.198316 1.065914 0.824539 0.844162 0.627547 1.153142 
1.137608 1.183406 1.114033 0.907064 1.094195 1.099932 1.094160 0.928217 0.884310 1.118132 1.179334 0.962605 0.813320 1.323757 1.158154 1.067928 
1.273632 0.977317 0.941809 1.810783 1.231689 0.795122 1.199136 0.840767 0.977526 0.946229 0.906709 0.844771 0.928481 0.913713 0.903218 0.950901 
0.806538 1.358007 0.946561 1.070512 1.254402 1.250645 1.158840 1.250153 0.937281 1.247940 1.111215 0.924951 0.874121 0.840124 0.752925 0.861804 
0.985625 0.771650 0.895583 1.431198 1.104602 0.812897 0.805192 1.013348 1.020307 1.273933 1.041197 1.244517 1.257995 1.275654 0.977876 0.770979 
1.267090 0.839768 1.201838 1.023398 0.918057 0.886074 0.934853 1.108845 1.041515 1.154633 0.962214 0.857655 0.662357 1.418606 1.767263 1.208972 
0.977200 1.346150 1.098630 1.045000 1.201421 0.971238 1.188788 0.969769 1.134518 1.077852 0.916831 1.075136 0.958019 1.029218 0.695610 0.983114 
0.987482 1.376765 0.743058 1.102360 0.853327 0.916796 1.093671 0.872512 1.095317 1.133170 0.709427 1.535181 1.249450 0.946103 0.923251 1.026693 
1.137599 0.781011 0.981312 0.984186 1.125959 1.369688 1.051971 1.142321 1.161701 1.210038 0.747601 0.974652 1.057992 1.249899 0.963947 1.585225 
0.923334 0.729322 0.805680 1.220869 1.128302 1.379368 1.028973 1.131244 0.920992 0.780451 0.773257 1.080164 1.082142 1.091593 1.018969 1.177985 
1.266796 1.309077 1.291394 0.883682 0.779559 1.102615 1.044003 0.761808 0.923211 1.055563 1.242014 1.316690 0.925301 0.964770 1.147028 0.730391 
0.964428 1.055557 1.017139 1.494449 1.452814 1.125599 0.641234 1.084815 0.701988 0.800586 0.633222 0.832828 0.952666 1.091850 0.672494 1.031135 
1.101411 0.769844 0.704452 1.071467 1.037527 1.307097 1.017001 0.872961 0.979464 1.137539 1.466328 0.972634 0.872082 0.887094 0.767322 1.090694 
1.271138 1.486106 1.129172 1.033802 0.876944 1.151825 1.024309 1.179412 0.825237 0.882681 0.958224 0.855521 0.896587 0.956249 1.029809 0.715868 
0.944657 1.194706 0.923266 0.918860 0.830962 0.941979 1.162998 0.835790 0.842748 1.108226 0.952585 1.172832 1.312153 0.874466 1.144816 1.005926 
0.997486 1.350181 1.056901 1.386858 1.103408 1.211286 0.772353 1.211070 0.662369 0.919250 0.866397 0.878138 0.924440 0.784675 0.687341 1.400206 
1.280991 1.404197 0.966233 1.023352 1.131309 0.987168 0.911714 0.860369 1.158003 0.889742 1.031273 0.686993 0.728542 0.950776 1.083106 1.392196 
1.368886 0.867827 1.364902 1.089382 1.246860 1.272605 0.948161 1.044058 1.237269 0.824915 0.879819 1.403801 1.103898 1.466445 0.948419 1.079934 
0.975836 1.038664 0.947401 0.758499 0.994610 1.295901 1.056252 1.074104 1.587781 1.018673 0.662970 0.748185 0.843155 0.784962 0.877922 0.785992 
0.933862 0.690398 0.808116 0.889463 0.709490 0.672369 0.895015 1.056342 1.177781 0.817996 1.101623 1.205624 1.142956 0.819458 1.004308 1.119814 
0.984469 0.639460 1.098031 0.700525 1.071355 1.023433 1.033430 1.094823 1.236880 0.843010 1.107229 1.417385 1.219513 1.157679 0.794369 1.494630 
0.863948 1.242315 1.044395 0.955472 1.283313 0.755589 0.902796 1.168598 0.946061 1.114492 1.225619 0.929664 1.274488 1.160612 1.047825 1.276661 
1.506413 1.153485 1.073020 0.929402 0.865224 1.697419 0.851561 0.776384 1.035769 0.640274 1.018979 0.976231 0.701435 1.100296 0.874050 1.353337 
0.924848 0.958063 0.740812 1.392890 1.529771 1.169120 0.898515 0.744054 0.763086 1.239969 1.586062 0.887193 1.179386 0.871607 0.864794 0.892494 
0.849981 1.105034 0.758492 1.073669 0.611578 0.828479 0.829662 1.361120 0.957507 0.937727 0.872187 1.148404 0.940009 0.937061 0.864879 1.242148 
0.914987 0.824237 1.392611 0.765917 1.061492 0.825504 1.404908 0.945757 0.991070 1.066045 1.044825 1.329453 1.012684 0.935527 0.842797 0.782766 
1.150801 1.190922 1.335756 0.972901 0.655766 1.005472 0.921909 1.156652 1.677727 0.833896 0.923317 0.849657 0.651345 1.237672 1.120898 0.852530 
0.823194 1.053040 1.369677 0.997774 1.268305 0.730677 0.815872 1.354101 0.789902 1.186750 1.120538 0.714476 0.915540 1.149112 0.961417 0.951144 
0.987719 0.941188 1.384338 0.713821 1.030498 0.811279 1.038853 1.070539 0.849957 0.653252 1.247521 1.041421 0.720567 0.922924 1.151743 0.760659 
0.732745 1.143714 0.977043 1.293297 0.809741 0.728853 0.750602 0.915359 0.861345 0.845518 1.209998 1.200679 1.189070 0.997717 0.798673 0.897335 
1.061556 0.979597 1.006780 1.039915 0.996025 0.775959 1.132307 0.992563 1.185687 1.080627 1.224597 0.826399 1.195494 0.881187 1.305498 0.977560 
1.064792 0.783402 1.082377 1.110654 1.231313 1.092703 0.784789 0.873407 1.028346 1.003635 0.922987 0.986112 1.379214 0.784751 1.285728 1.249162 
1.158196 0.861190 1.227382 0.925753 1.000926 1.007200 0.880249 0.957838 0.832735 1.026755 0.908207 1.445283 1.037335 1.249895 0.856783 0.855666 
0.962056 0.911377 0.944841 1.225577 1.149974 0.790967 1.309972 1.508730 0.937143 0.849439 0.871346 0.857153 1.214963 1.089876 0.818804 0.705897 
0.971415 1.432855 1.246993 0.882627 0.894171 1.001046 0.974758 0.776729 0.946244 1.304984 1.021359 0.709532 0.831412 1.353351 1.255135 1.060019 
1.168008 0.908125 0.748415 1.578103 1.038700 1.164061 1.303197 1.220590 1.095057 0.831418 1.357594 0.901165 1.090471 0.837553 0.732432 1.040003 
0.905635 1.157953 1.133137 1.145610 0.806700 0.885635 0.920197 1.034958 1.087611 1.034879 1.405566 0.960450 1.192721 0.965459 1.316365 1.173732 
1.306744 0.982098 1.244199 1.321225 1.531620 0.922256 1.143213 1.134425 1.080712 1.218352 0.902895 1.059794 0.995588 1.072419 0.947434 0.529386 
1.020683 0.776441 0.953624 0.706589 1.264889 1.217331 1.258526 1.269678 0.884259 0.942891 1.435824 0.838759 0.583898 1.061773 0.877856 0.774988 
1.343415 0.981450 1.002231 1.471929 0.659567 0.680355 1.128578 0.774417 1.162268 0.771284 0.734732 1.145008 0.898267 1.013021 1.120604 1.144310 
1.276343 1.508833 1.012648 1.010293 0.845419 1.269660 0.985412 0.761909 0.888283 0.855725 1.680899 1.186318 1.060959 1.084672 0.873079 1.425887 
1.247658 0.906138 0.896551 1.031688 1.064463 0.711784 0.896220 1.441190 0.821480 1.120996 0.980631 0.888348 0.898978 0.953062 0.805245 1.477818 
0.750549 1.329978 0.958773 0.956090 1.368327 0.772164 1.016892 1.153603 1.485552 1.023623 1.194551 0.837810 0.814238 1.096734 1.096358 0.663305 
1.184113 1.171780 1.358419 0.941031 1.278867 1.136137 1.208424 1.044263 1.018167 1.297849 1.000936 0.784576 0.981833 1.537885 0.915889 0.888638 
1.021226 1.686962 0.699986 0.996289 1.308503 0.630777 1.094207 0.731222 0.922672 0.956532 1.060953 1.115845 1.156664 0.867367 1.202135 1.171083 
1.214543 0.959789 0.827260 1.239392 1.258601 1.038393 0.920181 0.952433 0.758106 1.417612 0.827894 1.235895 0.738098 1.293235 1.536069 0.952751 
1.199157 1.018602 1.099238 0.913016 0.943754 1.347601 0.796601 1.049100 0.641087 0.991499 0.833455 1.168822 0.983619 1.095043 1.109788 0.945659 
0.892933 1.143365 1.385389 0.962620 0.971072 0.908246 0.868707 1.047493 0.778505 0.931243 0.965794 0.963413 0.797252 0.705338 1.708376 0.929214 
0.955512 1.430129 1.431045 0.776362 0.876965 0.944615 1.260595 1.115304 1.222746 0.720549 1.355348 1.093683 0.952286 0.842396 1.387581 1.024557 
0.822613 1.401383 1.088444 1.107493 0.913583 0.972692 0.982487 0.688568 0.789032 1.453999 0.913047 0.758808 1.041793 0.848714 0.827458 1.070964 
1.114466 0.951471 1.056569 1.029542 0.896649 1.126444 0.752184 1.034441 0.953027 0.862576 0.850214 1.441823 1.315195 1.140908 0.973133 1.105566 
1.158978 1.077947 1.071074 0.938306 1.025220 1.073598 0.928958 1.075375 1.028952 1.021603 0.958980 0.941291 1.040472 1.098723 1.040392 1.147796 
1.051715 0.900989 0.893929 1.254589 0.927859 1.213957 0.938449 0.873346 0.861471 0.922938 1.035076 0.876807 1.114715 0.956171 0.969806 1.060569 
1.001972 1.290396 0.784485 0.878700 1.275043 0.917391 0.897345 1.147829 1.016208 1.094322 1.161898 1.010839 1.118283 1.007452 0.748800 1.397554 
1.084450 0.975637 0.818936 0.853381 0.932035 0.832344 0.965903 0.896130 0.952463 1.084039 0.810370 1.065897 0.862102 1.521149 0.964029 0.955636 
0.852928 1.185290 0.749686 0.989961 0.998165 1.045597 0.843045 1.256777 1.207344 0.954655 1.477762 1.333699 0.970069 0.815870 1.158523 1.462177 
1.100325 0.974815 1.063604 0.801827 1.100186 1.006486 1.020254 1.105601 1.766323 0.821448 1.671156 1.244274 1.015205 1.031537 0.933948 1.257353 
1.064056 0.843145 0.704076 0.610925 0.844297 0.889678 0.916759 0.898950 1.041817 1.362482 0.973909 0.638549 1.470843 1.017919 0.735556 1.165664 
0.745479 1.076473 1.258486 1.006420 0.786138 0.813502 0.843666 1.299022 0.909046 0.942577 0.658903 1.168729 1.164262 1.226302 1.029006 0.841270 
1.204699 1.081528 1.081343 1.250022 1.251393 1.281878 0.979785 0.561294 1.339674 0.753004 1.133409 0.777750 0.674951 1.122395 1.058522 0.922109 
0.964139 1.075839 1.120042 0.866617 0.880444 0.933487 0.999256 0.889162 1.060829 1.086232 1.049702 1.099209 1.261184 1.147769 1.154306 0.892884 
0.982430 1.163331 1.107034 0.893243 1.127509 1.170060 0.935059 0.827694 1.087559 0.954223 1.047234 0.992792 1.059977 0.916168 1.248490 0.834922 
0.937283 1.143273 0.929879 0.787163 1.180633 1.218263 0.823875 1.006984 0.817235 1.268128 0.866915 0.835705 0.853580 1.059687 0.918038 0.657351 
1.190093 1.010818 0.901543 1.089745 1.187562 0.948862 0.961525 0.696227 1.096556 1.011855 1.151041 0.793414 1.546245 1.191193 1.009245 0.834068 
0.735806 1.324143 1.059396 0.761150 1.264187 0.943603 1.361478 1.077865 0.894338 1.452242 1.027586 1.057372 0.991900 1.219139 1.196840 1.192047 
1.122635 1.076427 1.065731 0.883073 1.397453 0.848577 0.888053 0.717283 1.324056 1.016735 0.907551 0.959843 0.850093 1.290413 1.146520 0.582929 
0.866959 0.880028 1.257642 0.760346 1.278110 1.233856 1.299575 0.731743 1.050401 0.917300 0.987226 0.981966 0.902907 0.739779 0.710812 0.982437 
0.926244 1.379461 1.246437 1.072066 0.616621 0.920373 1.125166 0.808969 0.887315 1.196321 1.200200 0.781249 0.880422 1.049408 0.892223 0.945921 
0.746763 0.850765 0.630858 1.169737 1.054910 0.911408 0.971347 1.181095 1.234101 0.952144 0.952456 1.028641 1.112021 0.886629 0.969059 0.952791 
0.727576 0.656477 1.114962 0.935878 0.809050 0.803219 0.920755 0.875333 0.763259 1.217554 0.997247 1.019227 1.117165 1.302820 1.244840 1.229911 
0.991741 1.477248 1.177543 0.949053 0.851998 0.793353 1.124531 0.997471 0.901333 1.172673 0.708192 1.336245 1.023576 0.758627 1.129970 0.981579 
1.152529 1.038442 1.208151 1.031472 1.057521 0.763308 0.832466 1.328724 0.916351 0.955747 1.085642 0.989847 0.987786 0.896354 1.423736 0.850804 
0.967532 1.114404 1.104086 1.035589 0.825346 1.415295 0.916610 0.705582 1.363813 0.806948 1.109438 1.167311 0.848035 1.357037 1.208674 1.258181 
0.701042 0.887684 1.397124 1.223000 0.926664 0.966184 1.158812 1.053592 1.125398 0.896818 0.979768 0.979206 1.125178 1.636153 1.099037 1.225520 
1.318069 0.865311 1.043468 0.897529 1.120715 1.225474 1.149851 0.669311 1.369102 1.008486 0.874923 0.742498 1.024921 0.530304 0.862723 0.700801 
0.690656 0.911825 0.792521 0.753861 1.098146 1.243940 1.449498 0.937822 0.942264 1.440544 1.176450 0.909743 0.780906 0.801468 0.935945 1.662848 
0.960541 0.918838 0.986190 1.155547 0.883497 1.207053 0.973909 0.937936 1.071478 1.287632 1.079969 0.839175 0.951053 1.265180 1.406890 1.069236 
1.452708 0.834688 0.748836 1.150855 0.960793 1.028441 1.001367 0.607883 1.122525 1.073777 0.977736 0.661921 1.306482 1.350656 1.463688 0.831086 
1.416603 0.883759 1.302058 0.970932 1.076413 1.123335 0.808235 0.672961 1.226506 1.368978 0.919701 1.095004 1.244595 1.323976 0.903035 1.013210 
1.093956 0.791347 1.308443 1.436785 0.744041 1.038039 1.489976 0.935455 0.965682 1.094809 1.168733 1.132415 0.875868 0.902800 0.945838 1.018142 
1.001279 1.148123 0.736964 1.014860 0.945743 1.030449 0.994730 1.096643 0.850318 1.302369 1.150690 1.015706 1.040222 1.121678 0.929373 1.013475 
1.023188 0.866971 0.852859 0.922593 1.051834 1.372037 1.131216 1.497581 0.746190 1.164887 1.101738 0.933670 0.914948 0.823013 0.737700 0.731783 
0.974393 0.764409 0.957238 1.167009 0.752220 1.162078 1.286972 1.271026 0.932983 0.776590 1.038702 0.874577 1.001657 1.420070 0.806219 0.844597 
1.422138 0.914665 1.297285 1.084336 0.679491 1.127063 0.933090 1.069192 0.956120 1.662800 1.579893 1.407063 0.970464 1.074664 1.567797 1.085665 
0.836561 0.887536 1.351548 0.902639 1.031370 0.734325 0.948867 0.920434 1.146446 0.913021 1.050208 1.233448 1.027950 1.019109 0.962012 0.900833 
0.987030 1.155068 1.105816 1.145006 0.942917 1.526953 0.904652 0.685029 1.003847 1.449263 0.830129 1.410374 1.158520 1.483235 0.770081 1.012823 
1.072103 1.099543 0.791288 1.100959 1.160207 1.159381 1.208741 0.987631 0.974518 1.076838 0.691156 0.777803 0.634174 0.845743 1.018895 1.208070 
0.966635 1.086801 1.002523 0.777024 1.189726 0.747180 0.767608 1.122135 1.429192 1.061070 0.983852 0.859909 1.616557 0.783267 1.238149 1.095718 
1.007170 1.327922 0.935293 0.993479 1.243003 1.761437 0.916497 1.731625 0.936969 0.931603 0.976238 0.873517 1.434670 0.957804 1.009729 0.606812 
1.148760 0.722618 0.962034 1.445852 1.246183 1.127826 1.190417 1.487673 0.997040 0.976598 1.268564 0.950854 1.114660 1.182475 0.659204 0.875940 
0.918591 0.807232 1.231742 0.951887 0.896486 0.511680 0.970997 0.824301 0.873841 0.998144 0.802229 0.885790 0.988122 1.163455 1.295739 0.991646 
0.877344 1.211687 1.029263 1.594401 0.974179 0.956582 1.006979 0.995685 0.676294 1.345960 1.115715 1.052581 0.929817 0.719148 1.059512 0.700247 
1.595668 1.077883 0.993703 1.298977 1.499132 0.844566 0.814864 0.758938 1.194172 1.117275 0.735241 1.171050 1.041593 1.448333 0.939085 0.903790 
0.762728 0.839182 0.816067 1.160014 0.988343 0.764446 1.155126 0.615783 1.316322 1.170184 0.821358 0.887920 0.886078 0.899514 1.374587 1.303260 
1.042759 0.520458 0.894949 0.983821 1.320462 0.998892 1.061980 1.033046 0.728123 0.891653 0.717472 0.757104 0.754973 1.099397 0.947195 1.182524 
1.077829 0.987017 1.308280 0.968240 1.072096 0.914496 0.793979 0.877859 1.029019 0.898242 1.045243 0.751079 1.007813 0.902488 0.809132 0.881093 
1.068965 0.845090 1.101057 1.112949 1.137562 0.924514 0.810557 0.857290 1.136984 0.917530 0.887685 0.792306 1.113426 0.732304 1.422420 0.862488 
1.081465 1.230707 1.025561 0.933883 0.903182 1.118503 0.920214 0.892026 0.770761 0.988198 0.993197 0.804635 0.945970 1.164905 0.915335 0.910487 
1.086731 1.128587 1.133224 0.721312 1.053075 0.872712 1.369921 1.337513 1.093759 1.126490 1.438136 0.989456 0.949021 1.135962 0.930372 0.796073 
1.081211 0.935450 0.826199 1.316479 1.081163 0.892691 0.876826 1.078884 1.171126 1.037177 1.197643 0.887408 0.868117 1.756787 1.121036 1.207601 
0.673536 1.415707 0.977730 0.932209 1.092286 1.314964 0.877592 0.667070 1.137772 0.875641 0.855529 0.822928 0.831111 1.131995 0.852001 1.130613 
0.860307 1.251137 1.148810 1.347489 1.238765 0.941740 1.262658 1.000779 0.681478 0.919624 1.191571 0.901196 0.932752 1.142305 0.854388 0.746338 
1.111913 1.470929 0.922419 1.226376 0.989642 1.024857 0.806195 1.128906 1.159097 1.001756 0.941107 0.970509 0.982895 1.000608 0.787081 0.786475 
1.016349 1.058761 0.886376 1.032500 1.189365 0.991680 1.240869 1.231129 0.797392 0.808565 0.771285 1.307597 1.099762 0.783903 1.140189 0.678216 
0.872102 0.837380 1.061493 1.126724 1.088677 0.714736 1.033484 0.799925 0.931766 0.944639 1.473602 0.815086 0.911155 1.216521 1.141807 0.896821 
1.284813 0.979389 1.062262 1.061667 1.158377 1.346434 0.724491 1.146029 0.823763 0.952645 0.807381 0.932441 1.135472 1.223203 0.909891 0.729159 
1.143039 0.861320 1.171390 0.812794 1.298508 1.508623 0.976742 1.178215 1.189260 1.229957 1.163154 0.804626 1.310339 0.847263 0.850926 0.864607 
0.879677 0.897513 0.992445 1.582132 0.933516 1.166436 0.805276 0.858214 0.943444 0.852781 1.266141 0.769185 0.660935 1.048503 0.809590 1.106603 
0.689446 1.171394 0.873916 1.097659 0.876396 0.938075 0.997322 0.819067 1.019669 0.778768 0.733653 0.615535 0.940419 1.460220 1.014103 1.211689 
0.692781 0.847645 0.893100 0.809227 1.100832 0.922201 1.169276 1.151368 0.841466 1.255772 1.184427 1.022464 0.992645 0.913202 1.290024 0.608383 
0.798247 1.368961 0.792701 1.379969 1.359142 0.779482 0.926336 0.652172 0.798345 0.754311 1.303338 1.343612 1.155658 1.275923 1.152998 0.883885 
0.722484 0.910781 0.621185 0.966681 1.187655 1.049029 0.685624 1.019687 1.101290 0.899885 1.102105 0.734936 1.014825 1.010962 0.880440 1.325733 
1.048024 1.310056 0.850514 0.759856 1.070861 0.881814 0.864672 1.453617 1.324394 0.973700 0.892530 0.889190 0.959198 1.164551 1.108402 0.637104 
1.014892 0.895821 1.387448 1.039710 1.092661 0.820102 1.181225 0.834661 1.119037 1.298416 1.475201 0.956972 0.923297 1.254090 0.946262 1.085991 
1.203872 0.728412 1.245576 1.070747 1.514170 0.717091 1.130447 0.738442 1.181625 0.809883 1.044762 1.292967 1.124797 1.021106 1.187638 1.070481 
1.370037 0.850689 0.927796 0.872821 1.143859 1.050734 0.947667 1.038389 1.109472 1.125093 0.826591 1.164224 1.264813 1.290232 1.222204 1.278050 
1.122513 1.033448 1.483893 1.090878 0.713291 1.114034 0.804466 1.244883 0.986148 1.083012 1.077032 1.144364 0.907078 1.072210 0.777936 1.359808 
0.976200 0.983436 1.019122 1.220159 1.184344 1.049349 0.909246 0.864249 1.091103 1.071653 0.709319 0.913434 0.955790 0.897300 0.861178 0.853260 
0.844628 1.141741 1.062623 1.189862 0.893209 1.070411 0.926063 1.623780 0.908758 1.394640 1.521944 1.016772 0.834158 1.080352 0.986996 1.667764 
0.737196 1.470378 1.397224 0.672451 0.944109 1.226459 0.853775 1.112910 0.843234 1.538861 0.882854 0.859837 1.036408 0.551338 0.892528 0.751756 
0.706725 0.968797 1.268553 0.818688 1.291612 1.266631 1.165042 1.193471 0.872560 0.994343 1.077995 1.012181 1.015894 1.008977 1.262599 1.030464 
0.910309 1.377182 1.211980 1.221986 1.286656 0.844754 0.998006 0.893931 1.338502 1.033932 1.118305 0.948847 0.933500 1.188486 0.971656 0.969173 
1.334195 1.033133 1.159705 1.503491 0.708923 1.179987 1.047817 1.450660 1.148917 0.693008 0.817892 0.847269 0.755584 1.092598 0.934834 1.460361 
0.668793 1.166030 1.344291 1.009071 0.767934 0.984055 0.837283 1.028283 0.941090 1.004490 1.305151 0.647531 0.971390 0.700494 1.145682 1.039476 
0.888526 1.176481 1.243626 1.060816 0.938260 1.142515 1.675057 0.974272 0.968726 1.048667 1.068107 0.904042 0.872303 0.852944 1.256824 1.043342 
1.139070 1.226576 0.958278 1.295869 1.061801 1.184204 1.099866 0.776795 1.023495 0.824205 0.979767 0.877837 0.831077 0.987842 0.777980 0.976156 
1.740541 1.124695 0.837430 1.292848 0.863463 0.942754 0.893516 0.866232 0.894883 1.091732 0.856054 1.064117 1.072679 1.216643 1.175233 0.839438 
1.393005 1.069509 0.992811 0.827727 1.081081 0.757816 0.833875 1.042473 1.304353 1.128724 0.734473 0.854009 0.715268 1.051139 1.258561 1.198549 
1.240110 0.990713 1.207649 0.989627 0.737730 1.062982 1.006522 0.769738 0.980508 0.810402 0.948270 1.012444 0.755371 1.250535 0.884177 0.917588 
0.961380 0.807887 1.039062 1.402561 0.928138 0.939352 1.313144 0.801942 1.134231 1.398032 1.195899 1.331200 1.101393 0.864459 1.478899 0.832336 
0.959696 0.866149 1.218371 1.068980 0.552910 1.295032 0.727888 1.132171 1.250899 0.930362 1.273828 0.923914 0.721430 1.509915 0.787641 1.342783 
1.197266 0.779285 0.752269 0.925830 0.873975 0.964882 0.852781 0.786259 1.250201 1.087029 0.972669 0.821425 0.935095 0.889036 0.864549 1.035807 
1.057927 0.968338 1.078506 1.166236 0.844161 1.357264 1.138832 0.823466 0.870508 1.299111 0.852464 0.920893 0.917938 0.613648 1.126388 1.306373 
1.502986 1.023420 1.246420 0.959498 1.190718 0.961065 0.605556 0.974578 0.955051 1.173486 1.175699 1.159519 1.255516 0.778645 0.866368 1.007228 
1.120634 1.320712 0.813389 1.131578 1.159406 1.050607 1.574430 0.644183 0.982399 0.733228 0.770150 1.372361 1.117585 1.024261 1.205278 0.853404 
0.837609 1.274568 0.786617 0.905567 0.974610 0.992547 1.429179 1.076131 1.223073 1.035398 1.377199 1.204700 1.045090 0.792720 1.195771 0.991131 
0.724217 1.141868 1.037814 1.066251 1.139184 0.714601 0.856092 0.887657 0.699830 1.076897 0.924667 0.805065 0.709294 0.899298 1.092547 1.629837 
0.661934 0.934445 1.071975 1.293010 1.240908 0.894169 0.870745 0.928428 0.793298 1.144900 0.915445 1.164513 0.788555 1.019110 0.771442 1.083610 
0.763936 1.263938 1.283528 1.110225 1.144680 1.492259 1.057575 1.207829 1.345555 1.520834 0.878121 0.963237 0.803980 0.928959 0.914985 0.630197 
1.175768 0.728548 0.735032 1.037376 1.320642 1.154299 1.198217 1.222924 1.034814 0.995528 0.952803 1.082183 0.719454 1.056160 1.055463 0.814118 
0.761356 0.918454 1.311824 0.997836 1.108720 1.537654 1.035543 0.874009 1.015266 1.131334 0.968039 1.098304 1.022871 0.933901 0.949107 1.197767 
0.816601 1.129577 1.204616 0.888953 0.853867 1.658861 0.856928 0.872730 0.652910 1.041571 1.585040 0.875873 1.845403 0.974215 1.209723 0.743235 
0.932845 1.290098 1.092577 0.969043 0.943256 0.892658 0.518213 0.737876 1.501351 0.692146 0.745336 1.044057 0.842977 1.277356 0.813915 1.000658 
1.458957 0.986157 0.855271 0.781057 1.163625 0.866884 0.888196 1.317295 0.949863 0.726945 0.824756 1.080183 1.020076 1.210207 1.496035 1.113795 
0.713607 0.885886 0.812516 0.767905 1.147695 0.792989 1.167098 1.151821 1.089310 0.935943 1.005338 1.287403 0.972904 1.081209 1.029562 0.728313 
0.798660 0.711271 1.066489 1.286509 0.872411 1.361330 0.955355 1.552671 0.975237 1.325575 0.769878 1.353114 0.923243 1.039694 1.087946 1.219203 
0.611103 0.912408 1.832401 0.788895 0.978422 0.782213 0.668251 0.943705 0.873834 1.078457 1.086236 1.183967 1.033519 1.072439 1.063144 0.835576 
0.791103 1.143209 0.805600 0.972625 0.948011 1.247050 0.826784 0.970467 0.686824 0.882423 1.008331 0.844773 1.335919 1.044192 0.939170 0.897104 
0.831941 1.038750 1.045747 0.892854 1.238712 1.290136 0.871196 1.083559 0.824747 1.001618 1.247258 0.909245 0.801990 0.933251 1.140095 1.131566 
0.903834 1.074708 0.915314 1.003582 1.231283 0.886013 1.266840 0.917244 0.933640 1.365509 1.117475 0.833740 1.152939 1.301495 1.115318 1.211877 
0.849254 0.767581 1.517284 0.952388 0.809600 1.139624 0.816783 0.902622 1.009963 0.996940 0.808672 0.824545 0.936505 1.035913 1.068248 1.173150 
1.485946 0.605797 0.647642 0.744656 0.762428 1.149808 0.810024 0.774524 0.868609 1.139863 0.769064 1.167546 1.134325 0.809854 1.154804 0.718971 
0.773673 1.094574 0.985032 1.156109 1.277694 0.986326 0.655001 0.898542 0.828424 0.868695 1.161114 1.287130 0.909846 0.929185 0.926554 1.148592 
1.072842 1.301432 0.854197 0.928631 1.063157 1.071519 0.908107 0.694628 0.879470 1.085596 1.121487 0.903503 0.746283 1.284322 0.856941 0.772680 
1.323466 1.125087 0.830240 0.981030 0.785685 0.910809 1.002981 1.188933 0.812336 1.115938 1.403968 0.831752 1.171709 0.883730 1.412045 1.087672 
0.740327 0.804284 1.156337 0.809843 0.966073 0.896794 1.254632 0.951150 1.188096 0.911231 0.947114 0.871112 1.177974 1.561296 1.144547 1.129178 
0.747047 1.492257 0.779988 1.236447 1.374787 1.333463 1.152967 0.907946 0.991434 1.095696 1.141543 0.977192 1.183010 0.964031 1.367529 0.815409 
0.908017 0.780055 1.008291 1.095160 1.125701 1.224456 0.694272 0.904782 0.764206 0.812850 0.900792 0.982482 1.054405 1.442596 1.136006 1.325952 
1.118632 0.703581 1.086505 0.637428 0.784310 0.901904 0.926112 0.963983 1.360987 1.134869 0.953171 1.108405 0.814244 0.722070 0.935451 1.497733 
0.836749 0.848762 0.988651 0.817909 1.441838 1.046527 0.849079 1.065149 0.966385 1.418128 0.852023 1.605749 0.842372 1.417862 1.007938 0.888146 
0.853342 1.050295 0.728723 1.150631 1.013034 1.214686 1.126198 0.906271 0.863177 1.193049 0.910389 1.051359 1.152425 0.874711 0.674378 1.205434 
1.020974 0.929387 1.145069 1.077216 1.378273 0.658945 1.204119 0.951368 0.707564 0.910649 1.241885 0.864991 0.882433 0.725654 1.173353 0.859172 
1.376031 0.826517 0.717312 1.106554 0.899479 1.334515 1.042033 0.987582 1.014068 0.871278 0.951786 1.075220 0.786412 1.129687 1.029042 1.180614 
0.684348 1.192873 0.815668 1.325865 0.804863 1.056887 1.105089 1.007752 1.306291 1.380223 1.162854 1.029930 0.987713 1.044056 1.530260 1.451630 
1.166304 0.923590 0.910615 0.827709 1.070152 1.222437 1.302184 1.075554 1.062067 0.785616 1.265583 1.165249 1.181246 0.953206 1.036115 1.030480 
0.817884 1.209237 1.055455 1.097687 1.210423 1.181315 0.958732 0.924339 0.932381 1.313810 0.806335 0.570158 1.090088 0.941407 1.290953 0.936062 
0.996103 0.651330 1.415333 1.041310 1.044116 1.358330 0.987992 1.436047 1.128484 1.078683 1.136511 1.237198 0.797962 0.957878 0.936815 0.718085 
0.990162 0.911698 1.009901 1.165756 0.989555 1.250803 1.266600 1.114044 0.725108 0.701136 1.034340 1.165347 0.999522 0.794650 0.974020 0.957347 
1.128651 1.212625 0.824481 1.081267 1.053769 1.020640 0.792324 1.279639 1.025303 0.736768 0.845984 0.983217 1.078710 1.034272 0.935370 0.926693 
1.191946 0.961667 0.874598 0.908970 0.850256 0.977475 0.996165 1.071153 2.006674 0.950809 1.706577 0.883360 1.188849 1.066164 0.861008 0.850089 
0.729398 1.189775 0.895452 0.799505 0.671966 1.172784 1.018613 1.096450 0.812521 1.035099 0.820960 1.254019 0.945543 1.043933 1.048471 0.792094 
1.143586 0.742859 0.983287 0.835907 0.720941 0.828606 1.016404 1.638942 0.830119 1.323858 1.003408 0.952552 0.794894 0.595479 1.561098 0.909797 
1.357273 1.163239 0.845469 1.589042 0.801533 0.800105 0.691667 1.008297 1.072813 0.889219 0.984738 1.693958 0.777545 0.709286 0.830436 0.862471 
1.325452 0.865927 1.047953 1.445008 0.750232 0.966372 0.957702 1.141362 1.125562 1.055676 1.173834 0.855722 0.844270 0.837159 0.974397 0.962785 
0.738718 1.113472 1.017080 0.955720 1.081485 1.006896 1.042400 1.323714 1.030268 1.224113 0.842633 0.935351 1.013919 0.720471 0.935035 0.679808 
1.009670 1.308878 1.255922 1.084393 1.285523 1.222439 0.904006 1.258127 0.879536 0.990486 0.884793 0.788170 0.845715 0.747438 0.839268 0.836605 
0.927668 0.597918 1.332685 0.679557 1.453352 0.839830 1.027225 0.957939 1.021822 1.026148 1.317540 1.381992 1.284864 0.968962 0.730325 1.215918 
0.930025 1.126017 0.787489 1.158330 0.698294 1.167826 1.278606 0.805833 0.984610 1.429322 0.914714 0.763227 1.260021 1.175108 0.748836 1.434421 
1.471077 0.735600 1.263676 0.897664 0.762588 0.976197 0.958342 1.255189 1.161668 1.106542 1.267200 1.459974 1.183575 0.768746 0.764839 0.946508 
1.010224 0.969911 0.701537 1.082119 0.903936 0.860242 0.695464 1.062838 1.062339 0.657616 1.200780 1.182927 1.269185 1.019981 0.958802 0.930907 
0.727203 0.861133 1.076560 0.990594 1.086503 1.801436 0.956504 0.954543 0.986711 1.756126 1.096755 1.193767 0.908823 1.193915 1.395860 0.911845 
0.763933 1.161834 1.130733 0.921064 1.024178 0.839662 1.386252 1.253982 0.649397 0.960855 1.520557 1.017550 1.014481 1.128743 0.879234 1.260410 
0.703152 0.891825 0.921386 0.935996 0.939512 1.242060 1.009342 0.926016 0.822608 0.828892 1.063397 0.985736 1.009909 0.911603 1.023319 0.866258 
0.910494 0.652041 0.934128 1.114933 1.133500 0.802342 1.031345 0.862906 0.978733 1.224266 0.966160 1.008505 0.959931 1.224631 1.234878 1.091854 
0.861482 0.896648 1.192529 1.122394 1.023749 0.971146 0.956464 0.880637 1.323511 1.034981 1.055637 0.920324 0.561653 1.310645 1.520947 1.032084 
0.791020 1.423703 0.685578 0.889331 1.208335 1.137047 0.904677 1.080847 1.145181 0.967653 1.140558 0.878678 1.025070 0.860174 0.675614 0.898262 
1.544154 0.792831 1.012297 0.940761 1.089047 0.741053 1.198390 1.041147 0.841002 0.968096 0.943111 1.030077 0.963677 0.834067 1.038185 1.103101 
1.142531 0.794082 1.097934 1.031008 1.037491 1.150170 0.979630 0.814827 0.983128 0.920713 0.711614 1.300232 0.745769 1.475350 1.234976 1.062755 
1.043201 1.077817 0.953417 1.109244 1.123637 0.809048 1.514726 0.897300 1.147026 0.885101 1.219265 0.888248 0.984082 1.012585 1.029688 1.150934 
1.004671 0.941007 0.891967 1.636174 1.028129 0.712977 1.221161 0.893417 1.094129 1.111909 1.164983 0.845654 1.174146 0.973970 0.827640 1.486972 
1.227446 1.001119 1.158202 1.060445 1.154635 0.765914 1.073534 1.297809 0.833406 0.959843 1.244195 0.939721 0.868002 1.094530 0.922212 1.376935 
0.865184 0.806280 0.964088 0.885412 0.939568 1.053531 0.787198 0.769781 0.851324 0.819302 0.997398 1.210302 1.011379 1.271231 0.926434 1.009408 
0.785963 1.730732 1.124928 0.837561 0.755760 0.938462 1.285856 1.050216 1.233631 1.111469 0.842284 1.141262 0.839903 0.912352 1.070800 0.810917 
0.918384 1.019633 1.094476 1.032103 1.003879 1.429196 1.194728 1.076506 1.030257 1.198836 0.840022 1.251474 1.022948 0.832566 0.925868 1.095908 
0.653026 1.037852 1.116258 0.793536 1.163193 1.106699 1.196041 1.069112 0.931200 0.751098 1.040764 1.046857 0.814801 1.370486 1.215547 0.822823 
1.158053 0.688743 1.051821 1.036229 1.053964 0.818524 1.019557 0.810129 0.872190 1.034323 1.009047 0.823019 0.936299 1.129552 1.499674 0.832775 
1.192739 0.659017 0.744070 1.004801 1.144347 0.857278 1.044613 0.907536 0.898951 1.068687 0.986300 1.102116 1.194459 1.279776 1.003310 1.265377 
0.984488 0.975975 1.020041 1.427948 1.104299 0.828608 1.077493 1.230111 1.233332 0.901753 0.884600 1.229924 1.119158 0.842650 0.894259 0.962252 
1.201215 1.261397 0.691265 0.639765 1.503801 0.904271 0.691386 0.891418 1.027007 1.028953 0.996452 0.894613 0.923596 0.728633 0.836674 0.973511 
0.931702 0.693353 1.266001 0.818543 1.072955 0.973641 1.598733 0.816825 0.942618 0.824488 0.965329 1.006104 0.925614 1.191412 1.024884 0.878740 
0.702014 1.467438 0.738000 0.828355 1.159504 0.694463 0.820523 0.609690 1.009886 0.858093 1.189987 0.723978 1.236407 0.609525 1.373585 0.623946 
0.824311 0.735404 1.129249 0.771979 0.933993 1.063174 1.243481 0.715392 1.492379 0.847900 1.218301 0.916179 1.124972 1.106428 0.732718 1.143665 
0.969650 0.988863 0.839017 0.960871 1.092525 1.514948 1.009682 0.732969 1.153125 0.792180 0.987740 1.125850 1.313034 0.855836 1.072405 1.318613 
0.519500 0.925486 0.615705 1.398529 0.751214 0.958599 0.744174 1.171442 0.926021 1.210045 1.032612 1.065795 0.833051 0.879168 1.562664 0.821400 
0.729172 1.240063 0.964486 1.024422 1.100388 1.679193 0.949964 1.050796 0.744148 1.147003 0.759719 1.116199 0.932426 1.108342 0.712705 1.265723 
1.424968 0.994322 1.150864 1.990365 0.792262 1.389470 1.460645 0.574420 0.763500 0.536941 1.162433 0.817151 1.150771 0.846804 0.754422 0.868647 
1.059160 0.972790 0.788750 0.805487 1.456123 1.004942 0.854464 1.070022 1.292308 0.903834 0.944569 1.175674 1.162196 1.193755 0.978683 1.227490 
1.101667 0.941493 1.394923 1.200591 1.017459 1.061890 1.096005 1.034604 0.994867 0.984906 0.892317 0.672313 1.210351 1.006293 1.106729 1.583798 
1.234688 0.901370 1.016767 1.627155 0.902325 1.128798 0.955728 1.343953 0.841643 1.162660 1.206606 1.177955 1.324115 1.094504 0.863750 0.996302 
1.156343 0.933843 1.083895 1.169092 0.979523 1.174099 0.851612 1.219828 1.085422 1.349306 1.360104 1.080837 1.250870 0.984046 0.762947 0.787888 
1.469347 1.145787 0.933284 1.200157 0.942638 1.454800 0.884004 0.940286 1.217918 0.959463 0.893305 1.207630 1.255245 1.105975 0.876644 0.891605 
1.208744 0.840908 0.974387 1.221933 1.645890 1.090260 0.992913 0.723523 1.108025 1.126048 0.940612 1.251660 1.114773 1.267457 1.290072 1.525541 
0.889903 1.185762 0.975140 1.090224 1.254208 0.927728 0.920201 0.813459 0.983765 1.357694 0.935949 0.888853 1.212704 0.770583 1.389020 1.044423 
1.073348 0.864512 1.264046 1.054967 0.916729 0.595866 0.832968 1.389532 1.233408 1.123665 0.789216 1.001239 0.663149 0.834118 0.878380 1.603295 
1.126045 1.013460 1.101056 1.159149 0.972006 0.824152 0.951065 1.088715 1.019725 0.561195 1.014176 0.686787 1.036746 1.270671 0.974386 0.969280 
1.051574 1.200636 1.093237 0.798332 1.087705 1.061663 0.870349 1.027977 1.034376 0.994418 0.666083 0.803388 0.868936 0.825765 0.726434 0.919060 
1.045977 0.988406 1.023618 0.883430 0.811806 1.401721 1.188120 0.860311 0.821868 1.053797 0.914597 1.018511 1.207946 1.181430 0.910548 1.334426 
0.813163 1.086321 1.210464 1.434450 0.907215 1.061534 0.844791 1.104301 1.082691 1.343956 0.817272 1.119555 1.281316 0.887196 1.254604 1.104654 
0.995371 0.692310 1.156298 0.775817 0.956588 1.060983 0.949029 1.266643 1.035309 0.960429 0.986332 0.756852 0.894831 0.890552 0.958198 0.688805 
0.930875 1.019291 1.112837 0.930258 0.822281 0.799052 0.871376 0.694380 0.862691 0.920202 1.281802 0.547527 1.111148 0.671115 0.630797 1.171780 
0.963876 0.969592 1.293374 0.908794 0.745472 1.034018 1.267216 0.989009 1.248586 1.179824 1.136681 0.913950 1.043307 0.690916 0.945525 0.915992 
1.288858 1.082433 0.996485 0.845311 0.633825 0.729729 1.335880 0.595044 0.780826 1.174816 1.218676 0.946260 1.308362 1.091381 1.047849 1.668256 
1.157845 1.113537 1.191532 1.625919 1.157865 1.037403 1.355338 0.852269 0.971695 0.872999 1.049099 0.795084 1.053009 0.850316 1.006269 1.475304 
0.817874 1.057413 0.875369 1.202540 1.012819 1.118719 0.804716 1.477346 1.083385 0.809759 0.924819 1.325791 1.150203 1.312809 0.739692 0.812218 
0.712252 0.771244 0.665237 1.450606 1.135219 1.116541 1.227861 1.462902 0.897522 1.308568 0.996179 0.895831 0.886455 1.040604 0.947075 1.304560 
0.991430 1.077388 0.831021 1.607785 0.851794 1.115169 1.412958 1.079019 0.654257 0.860008 1.043459 1.150339 1.582231 1.083007 0.875356 1.177021 
0.974792 1.234129 0.857989 0.917773 0.935017 0.925804 0.946132 1.176581 1.001811 1.059062 1.561582 0.753064 0.714373 1.311008 0.938238 0.911332 
1.413230 1.060200 1.007049 1.230375 1.027495 1.151839 0.755104 1.218629 1.053717 0.872790 1.301161 0.721781 1.180988 0.872914 1.231205 0.963730 
0.960398 0.869806 0.844695 1.303015 1.199603 1.035134 1.209212 0.739522 0.742813 0.710672 0.756362 1.043591 0.572862 1.027405 0.691497 1.093040 
1.301281 0.967676 1.066090 0.821170 1.185263 0.878305 0.778533 1.024876 1.181986 1.101477 0.771554 0.765762 1.596565 0.921926 1.293748 1.547804 
1.208940 0.758593 0.900372 0.748502 0.940992 0.863212 0.967068 1.180347 1.223402 0.751198 0.868889 0.985179 1.060027 1.179679 1.046369 1.394704 
1.117231 1.459854 1.095202 0.893993 0.864636 1.324148 1.391319 1.019204 0.890580 1.009115 1.385878 1.001757 0.900007 0.829386 1.076133 0.791547 
1.173896 0.867568 0.756752 0.727306 1.174274 1.189001 1.187240 1.121743 1.151808 0.988678 0.780882 0.764322 0.863242 0.735703 0.937399 0.993608 
0.964378 0.746315 0.657319 0.997881 0.657135 1.248111 1.369070 0.904644 1.028335 1.115938 0.884138 1.160414 1.625092 1.090197 0.850550 1.343309 
1.369789 1.377763 0.838937 1.012003 1.075634 0.976583 0.813437 0.894274 0.909127 0.940890 1.349734 0.686060 1.233497 0.826949 0.855460 1.073628 
1.049400 1.053406 1.213615 0.876058 0.977306 1.311640 0.945098 1.052333 0.983315 1.024352 0.657086 0.745016 0.753685 0.810707 0.891691 0.991847 
1.087339 1.403569 1.373649 1.269052 0.873517 1.344400 1.089163 1.078487 0.941491 0.689004 0.906206 0.946652 1.230491 0.832863 1.201739 1.033899 
1.234830 0.812382 0.972049 1.049276 1.241688 0.950347 1.271478 1.034324 0.918996 0.739418 0.843658 1.317951 0.958249 1.007554 0.759599 1.042029 
0.724917 1.159761 1.108727 0.936511 1.239661 0.740261 1.020675 0.710753 0.925853 1.177693 0.849172 1.143281 1.271501 0.981086 1.088124 0.904471 
1.159853 1.061524 0.878446 0.905145 1.000966 0.843535 0.967685 1.037135 1.007082 0.965972 0.959960 1.186713 0.844838 0.800054 0.973817 0.902788 
0.805432 0.808030 0.833105 1.295463 1.426639 0.993551 0.750029 1.431478 1.259175 1.648487 0.678066 0.773732 1.160702 1.032036 1.119893 0.935172 
0.993741 0.973003 0.998673 0.805616 0.834280 0.759084 0.752556 1.218098 0.783081 1.329958 1.028968 0.667738 0.843931 1.378633 0.901194 0.868835 
0.852959 1.170977 0.859534 0.861908 0.889980 0.762244 0.837285 0.717720 0.857417 1.325710 1.193545 0.890952 0.940006 0.788024 1.266103 0.748729 
1.287388 0.959969 1.318108 0.779776 0.906535 0.973103 0.798704 1.008395 0.955597 1.267446 1.028796 0.792266 1.072082 0.813278 1.321304 1.089755 
1.020301 0.924304 1.025895 1.190992 0.803859 1.143280 1.039119 0.959296 1.188697 1.068835 0.794625 1.186489 1.258824 1.037864 1.058175 1.025853 
1.144987 1.376844 0.928337 0.888133 1.311216 1.002417 0.765865 1.079539 1.218345 0.878302 0.912118 1.164571 0.735311 0.788123 1.170534 0.843398 
1.490809 0.953921 1.022950 0.933079 0.867544 0.855428 0.875322 1.005607 0.824623 0.982779 1.043949 0.925189 0.973700 0.958260 0.984387 1.151129 
1.341801 1.067061 0.601714 0.827214 0.775324 1.125669 1.227553 0.941502 1.127653 1.266154 1.312058 0.697718 0.884193 1.163135 1.460540 0.961516 
1.049124 1.174716 1.043936 0.885134 1.274785 0.894267 0.834808 1.362200 0.826461 1.028754 0.670668 1.474833 1.314506 1.003359 1.277688 0.814210 
1.145832 0.809066 1.543180 1.014884 0.650767 0.808266 1.440691 1.238645 0.917548 1.105505 1.036841 1.247803 0.633651 0.646951 0.893752 1.097831 
0.810184 1.073578 0.703922 1.124636 0.889116 1.006588 0.987033 0.858194 1.153490 1.331890 1.152767 0.803077 0.959474 1.095832 0.612402 0.997587 
1.421447 1.162155 1.055557 0.871183 1.135906 1.523775 0.986626 0.992874 1.020192 1.224382 1.130272 0.748023 0.880881 1.196931 0.705898 1.035913 
0.891722 1.146189 0.946324 0.845045 0.767830 1.135229 1.247121 1.498614 0.960821 1.027797 0.897226 0.902680 0.884200 0.890632 0.885385 0.855718 
1.101824 1.112330 1.105702 0.830730 1.023346 0.882396 0.914674 1.567835 1.058469 1.034449 1.703970 0.981327 0.839048 0.797388 0.943662 1.027756 
1.041282 0.924064 1.109702 0.967920 1.117495 1.249915 0.844836 0.920423 1.322471 0.934326 0.626692 0.903850 1.284296 0.882122 0.928489 1.029424 
1.291362 0.774114 0.925141 1.033328 1.095719 0.797352 0.929826 1.550859 0.863424 0.715273 0.769892 1.242722 0.797726 1.116860 0.916643 1.010680 
1.197126 1.043341 0.997872 1.001350 1.022206 0.781697 1.057048 1.127506 0.917225 0.764421 1.182708 1.022765 0.994044 0.669190 1.177643 1.324703 
0.849678 0.860397 0.907292 1.525048 1.320172 1.193023 0.910007 0.973685 1.070981 0.700711 0.910473 0.735924 0.855242 1.215941 1.291175 0.920160 
1.186789 1.198570 1.009921 0.743282 0.824673 0.820094 0.831533 1.081631 0.745298 0.958383 1.236093 1.248325 0.985220 1.150272 1.208455 0.877145 
1.335108 0.992087 0.957607 1.168074 1.001583 0.711180 0.872331 0.778326 0.921425 0.774826 1.229233 1.370343 1.554241 1.015123 1.100021 0.917945 
0.840943 1.138598 0.949478 1.331681 1.198241 0.889742 1.042090 1.038256 1.112753 0.945061 1.162411 0.735765 0.695090 0.824763 1.281915 1.171945 
1.209267 0.795653 1.079867 1.446940 0.953248 0.839073 0.852032 1.131378 0.882453 0.803320 1.125670 0.821718 0.959716 1.098374 1.000093 0.934714 
0.949484 0.864730 1.055922 0.827752 1.043662 1.032673 1.125211 1.404813 1.163114 0.951169 1.250315 1.261288 1.210334 1.165987 1.301405 1.008810 
0.805890 0.922028 0.725498 1.173340 1.041852 1.000174 0.746699 1.082455 1.229810 1.093765 0.926944 0.657541 0.776878 0.776983 1.534930 1.342708 
1.170737 0.961725 0.933004 1.091134 0.736348 1.070615 1.374715 0.888215 1.542140 1.367680 1.103872 1.029660 0.883712 0.853844 1.164127 1.536757 
1.192159 1.369854 0.925825 0.964943 0.978208 1.048095 1.124774 0.913530 1.164702 0.848566 0.843213 0.971323 1.126624 1.341606 1.071594 0.902021 
0.927614 0.750457 0.975723 1.003348 0.826224 1.263905 1.196305 1.005341 0.762129 1.065715 1.255242 1.185454 0.974860 1.060803 1.160490 1.254693 
0.851617 1.150724 1.289694 0.922919 1.214070 0.859398 1.145203 1.151713 0.821183 1.196150 0.983966 1.794338 1.455067 1.177830 1.143620 1.232789 
1.012038 0.935674 1.050364 1.161041 0.930846 1.049577 1.061857 0.839091 0.891400 0.827647 0.995736 1.275353 0.960832 1.041662 0.858468 0.916044 
0.840689 1.029305 1.047873 1.096302 1.070337 0.664658 1.054017 1.185148 0.870226 0.833536 1.812126 1.161156 0.920618 0.810521 1.122398 1.135295 
1.144502 1.140730 0.833246 1.043322 1.010506 1.216978 1.391524 1.105383 0.824644 0.834728 1.602365 1.366629 1.266464 0.872439 0.788852 0.830949 
1.787529 1.238825 0.981922 1.080475 0.552952 1.172266 0.865666 1.245642 0.828408 1.440102 0.903282 1.091833 1.277748 1.468712 1.027284 0.886256 
0.859893 0.968814 0.568234 1.030660 1.222212 1.056062 1.188906 1.400740 0.957499 1.620390 1.249628 1.560370 1.115504 0.806941 0.808432 0.955699 
1.150846 0.685337 1.368656 1.280469 1.644939 0.783627 0.837961 1.039729 0.815632 0.922499 0.915258 1.220490 0.808308 1.041379 1.352948 1.043320 
1.212110 0.884836 0.646067 0.911933 1.535914 0.701452 0.770227 0.830478 1.135723 1.283908 1.000251 0.770869 1.091880 0.955175 0.929407 0.866197 
0.974105 1.272859 1.172584 1.508103 1.072016 1.106604 0.765297 1.053727 0.802247 1.016939 1.127032 0.816892 1.206754 1.277609 1.032731 1.016714 
1.009222 1.084257 1.125665 0.894784 0.676709 0.784251 1.046386 0.972301 0.973177 0.794787 1.039044 0.871714 0.871621 0.829779 0.849227 0.853053 
1.188414 0.888933 0.928537 0.717080 1.568740 0.881900 1.076170 0.808511 1.148194 1.095360 1.341150 1.361285 1.081610 0.982674 0.917088 0.853023 
1.058771 0.735560 0.931799 0.721098 1.141122 1.386052 1.189411 1.129187 1.060998 1.227459 1.115707 1.197166 1.020054 1.017572 0.983538 0.966257 
0.775608 1.032635 0.903777 1.667424 1.006496 1.008581 0.933871 0.993858 1.000990 1.112156 0.774810 1.059172 1.215807 0.818404 1.167776 1.212469 
0.755443 1.165007 0.772190 1.116699 1.324232 0.874443 0.944152 0.975701 0.981615 1.299771 0.922808 1.346140 0.931498 0.839115 1.135427 0.902161 
1.094149 0.752369 1.169533 1.138128 1.117485 1.362687 0.845940 1.320046 0.841926 0.881208 1.180891 0.803143 1.065775 1.087726 0.942285 1.050707 
1.797409 0.913999 0.781848 1.135136 1.139615 1.022648 1.088315 1.156952 1.159561 1.523146 0.975408 1.110418 0.848263 1.191089 0.796394 0.774869 
1.066342 1.082169 1.008949 0.953325 0.780948 0.844933 0.931773 0.924527 0.967658 0.880158 0.999951 0.935126 0.971388 1.026733 1.277660 1.424045 
0.911018 0.864301 0.954567 0.990906 1.099887 0.872596 0.894367 1.030194 1.043632 1.244234 1.108454 1.312280 1.312360 0.959120 1.331686 1.205117 
1.038749 0.832082 1.121766 1.301670 0.872615 0.986681 1.589667 0.768336 1.002778 0.955316 1.357560 0.960657 1.127935 0.927785 1.048895 1.362853 
0.867996 0.862508 1.155504 1.187063 0.988563 0.826790 1.052852 0.820472 1.188111 1.091645 1.315416 0.907915 1.379007 1.012939 1.001213 0.873263 
1.050261 0.916612 0.888105 1.047186 0.964199 0.886234 0.837825 1.177957 0.864966 1.008985 1.493966 0.915223 1.235274 1.154716 1.045958 0.970794 
1.318281 1.429040 0.751060 1.080398 1.051803 0.676793 0.986036 1.095928 1.275219 1.155205 0.758563 1.109936 1.027669 1.139793 1.117949 0.955090 
1.145260 0.760306 0.843530 0.936815 1.011193 0.842260 0.893643 0.694412 0.893257 1.110825 1.055536 1.139393 0.832364 1.003271 0.823194 0.965865 
1.331982 0.966459 0.930379 1.128737 1.079797 1.669270 0.905631 0.913234 1.134990 1.401051 0.930067 1.543663 1.102067 0.735947 1.085212 1.073912 
0.764053 1.070891 1.177059 1.007822 1.056196 0.884791 1.348614 0.846511 0.803626 0.997270 1.467348 1.145624 0.808092 0.959699 0.987573 0.954638 
1.001781 1.289791 1.149880 0.814505 1.201099 0.835734 0.813139 1.234477 0.970106 1.053478 1.000937 0.985315 0.931784 0.764327 0.840266 1.501304 
0.910450 0.603391 1.226280 0.820750 0.941848 0.836174 0.929037 1.186988 1.073080 1.142846 0.903050 1.412142 1.100506 0.956376 1.548778 1.379200 
0.922695 1.228754 0.989214 1.274101 0.770853 0.950706 0.787549 0.996084 0.930640 1.088942 0.543430 0.927263 1.059311 1.137161 0.851820 1.270275 
1.140176 1.030640 0.873993 0.771928 0.999743 0.850055 1.044524 0.806920 1.138347 1.393537 0.977316 0.926617 0.791673 1.124802 0.805383 1.019441 
1.094143 1.589990 0.782465 0.970491 0.986003 1.220836 1.166075 1.367935 0.725667 1.321933 1.402701 0.926999 0.882869 0.867065 0.680403 1.122815 
1.029500 0.799698 0.967753 0.915048 0.856426 1.014458 1.264657 1.381465 1.340462 0.815812 1.179623 0.790872 0.857199 1.366575 1.023235 0.785885 
0.810549 1.162938 0.803879 1.204757 1.035013 1.046648 1.034989 1.339963 1.259392 0.966996 1.084606 0.860349 1.060628 1.107982 0.955175 1.453407 
1.185869 0.866172 1.261347 1.092753 1.062100 0.826368 0.768021 1.131048 1.060374 0.740545 0.874583 0.815656 1.280924 1.195995 0.836038 1.233219 
1.120749 0.689252 0.897285 1.194765 0.999875 0.756915 0.810094 1.050195 1.254530 1.011758 0.794942 1.023489 1.093041 0.966647 1.056144 1.051799 
0.796209 0.961395 0.889627 1.118538 0.890597 1.043128 0.700802 1.312294 1.150626 0.867871 1.026599 1.062692 1.052334 1.185376 1.081989 1.338004 
1.349282 0.891111 0.971948 1.233138 1.113714 0.844687 0.698874 1.034323 0.824746 0.801549 1.136966 1.101983 0.928410 0.917982 0.739222 0.861461 
0.903077 0.852721 1.066999 1.001043 0.713568 1.208854 0.948474 0.811234 1.226430 1.022039 0.848445 0.903156 0.910465 1.202188 0.919884 1.137102 
0.833526 0.995700 1.200650 1.284377 0.962697 0.809874 1.348976 0.786783 1.005972 1.596428 0.992599 1.031972 1.222920 1.026217 0.643818 0.892943 
1.062409 1.377165 1.028598 0.850123 0.933140 0.966586 0.732932 1.172640 0.915066 0.894383 1.200478 0.858560 0.902010 1.056859 0.821929 1.246490 
1.035114 1.038141 0.849630 0.921920 0.785522 1.130132 1.003283 1.218401 1.311011 0.789204 0.921252 1.000551 0.819615 0.951819 1.073283 0.881901 
1.175024 0.644522 0.823997 1.154831 1.052323 1.040052 1.033151 1.048404 1.094482 1.098539 1.154209 0.870636 1.084775 1.575941 0.896757 1.142506 
0.940955 1.042301 0.836770 1.000631 0.832090 0.729077 0.906575 0.923378 0.821604 1.273624 1.116171 0.917719 1.259391 0.884751 1.047787 1.557602 
1.164960 0.918273 1.225707 0.964239 0.957618 0.994093 1.059436 1.694153 0.839704 0.873093 0.738699 1.200526 0.688444 0.988631 0.605573 0.967936 
0.798454 0.912064 0.876429 0.861221 1.153481 0.937292 1.090775 1.619377 1.041382 0.949533 0.791858 0.831775 1.032354 1.013890 0.802355 0.906714 
1.019549 0.661818 1.489365 0.894829 1.166638 1.130636 0.831941 1.323642 1.107556 1.540900 1.029114 0.775867 0.927408 1.438479 0.783351 1.094831 
1.007440 1.107504 1.215443 0.993078 1.146150 0.862448 1.029954 1.167969 0.658865 1.188623 0.727032 1.077437 1.153835 0.793365 1.010143 0.745443 
0.976655 0.945728 0.708171 0.851513 0.904593 1.079167 0.770042 1.339870 1.618441 0.857416 0.781187 1.094187 1.093003 0.824404 0.725916 1.652466 
0.896454 1.226622 1.035123 0.841921 1.139631 0.970697 1.545580 1.154812 0.754667 1.308958 0.570267 0.835152 1.081939 0.932525 0.974669 1.301624 
0.910805 1.038956 1.330903 1.014188 1.237716 0.905827 1.181729 0.872003 0.914740 0.968741 0.980803 0.849418 0.947013 0.954367 0.804237 1.608478 
0.752712 1.326995 0.925087 1.065439 0.575589 1.304624 1.136589 0.964525 0.809952 0.857417 0.960832 0.845574 0.969677 1.032933 0.952503 1.137157 
0.942385 0.967744 0.950861 0.954162 0.999965 0.677214 1.052739 0.832558 0.845122 0.982102 0.863566 0.735733 0.856453 1.014374 1.022083 1.348902 
1.263138 1.188912 0.944497 0.837064 1.130104 1.039939 0.869169 0.919970 0.992834 0.692669 0.997979 1.073218 0.882675 1.032607 1.026097 1.133549 
1.014222 0.799742 0.990923 0.626973 1.014321 1.315611 0.962497 1.002786 1.034204 0.817988 1.009851 1.140407 0.709238 0.803875 0.789177 1.310286 
0.991937 0.889360 1.297615 0.698132 1.116268 0.982790 0.795360 1.220651 0.889776 0.906032 1.117013 1.277939 0.888579 1.143231 1.240383 0.853915 
0.856609 0.742590 1.024044 0.693545 1.143578 0.842579 0.734982 0.959817 0.758757 1.036625 0.848852 0.686816 0.858393 0.932598 1.156153 1.188553 
1.104587 1.116548 1.306278 1.334337 0.962343 1.015675 1.260271 1.003658 1.211514 1.024903 1.024360 1.029670 1.228168 0.692724 1.046750 0.910384 
0.826798 1.059769 0.766679 0.990835 1.021349 0.858850 0.672656 0.837309 0.966551 1.270539 1.453049 0.719978 0.969354 1.360729 1.061313 1.474538 
1.220705 0.947056 0.894652 1.211382 1.005616 1.490004 1.053028 1.120349 0.971338 1.103846 0.843926 1.025585 1.027655 0.905300 1.200158 0.996442 
0.803934 0.743362 0.867117 1.101112 1.037646 0.907975 1.097937 0.923506 0.960735 0.976789 1.182013 1.047361 0.919958 0.949582 1.243753 0.997464 
1.278357 1.162591 1.127355 1.011146 1.314945 1.475419 0.912424 0.843956 1.201183 1.042379 0.969404 1.306453 1.517107 0.711456 1.070993 1.562800 
0.922178 1.195671 1.123765 1.151749 0.824494 0.894231 1.028081 1.039573 0.756346 0.887165 1.556740 1.029608 0.930670 0.914455 1.078698 1.133373 
0.813714 0.775485 1.113889 1.250349 0.986274 1.237193 0.939658 0.936748 1.034514 1.218788 0.794052 1.262434 0.994999 1.389363 0.801217 0.891466 
0.838976 0.836597 0.968349 0.770025 1.220812 1.448942 1.037175 0.804232 0.943791 1.269734 0.574777 1.032854 0.896662 1.109298 0.908216 0.703833 
0.987270 1.379424 1.222355 1.179369 1.272181 1.160017 1.104348 0.778554 0.936307 0.982399 1.188112 1.011320 0.985084 0.662561 0.868339 0.923380 
0.967760 1.156921 0.954170 0.837743 0.836187 1.357806 0.657058 1.164274 0.969299 1.024684 0.886934 0.877855 0.992524 1.004274 0.809887 1.200352 
1.449175 0.964986 0.863013 0.863022 1.360773 0.781410 0.876150 1.084984 1.335532 0.933647 0.915996 0.751208 0.924095 1.298325 0.868952 0.802985 
0.952703 1.186143 1.107633 0.909109 0.715522 0.956792 0.920601 0.932761 1.458674 0.819540 0.755102 1.013279 1.348177 1.575588 1.035049 0.889162 
0.962497 1.107309 0.954556 1.287250 1.100873 0.852408 0.775202 0.869289 0.935409 1.371562 1.166227 0.872020 1.344497 0.917725 1.401107 1.133148 
1.229408 1.573144 1.260981 0.626988 0.835006 0.590221 0.795641 0.988115 1.445249 1.083228 0.892158 0.904774 1.103461 1.252325 1.069956 1.121384 
0.839825 0.953840 0.911975 1.402586 1.173584 1.068419 1.303356 1.001071 1.051771 0.871057 0.815767 0.702160 0.730043 0.951519 1.112573 1.100821 
1.061485 0.753352 0.944932 0.908476 1.008275 0.986106 1.074141 0.734036 1.049018 1.079930 0.861103 1.393216 1.273490 0.945354 0.848625 1.184732 
0.926834 0.980087 0.813079 0.886498 1.357462 0.804844 0.771879 0.952479 0.975591 1.130694 0.802795 0.866444 0.904685 0.834507 0.692468 1.437850 
1.203026 0.924001 1.102971 0.933640 1.169134 0.931751 0.930762 0.980549 1.211040 0.734396 1.054252 0.861633 0.909289 0.963536 1.612168 0.764757 
1.225861 1.039005 1.155632 1.073807 0.684932 1.002710 0.908320 0.736466 1.291517 0.857210 1.046224 1.125818 1.137046 0.891473 0.904209 1.027306 
0.667023 0.823247 0.750932 1.158760 0.886217 1.185327 1.265164 0.883223 1.184588 0.953786 0.703823 1.039821 1.302116 1.037282 1.190863 1.147589 
0.748853 1.116661 0.754655 1.016119 1.224478 0.953379 0.984185 0.979212 1.212894 1.004082 1.591978 0.868903 0.833007 1.022031 1.319389 0.967888 
1.010031 1.178742 0.789120 1.040285 0.892941 1.025697 0.799412 1.063553 0.820736 1.566861 1.151838 1.053946 1.186731 0.911394 1.042466 0.744228 
1.222269 1.119052 0.779061 1.172468 0.851313 1.099460 1.187297 1.056816 1.167729 0.975953 0.907464 0.912749 0.811716 0.778408 1.024631 0.877726 
0.882130 0.959548 1.046374 1.082975 0.784154 1.132734 1.175968 1.088659 0.855771 0.897266 1.003344 0.831713 1.272531 1.034989 1.103757 0.936491 
0.831149 1.440691 1.118558 1.282618 1.468752 0.942660 1.006021 0.807028 1.247755 0.810571 0.728743 1.014655 0.855020 1.667604 1.248921 0.982589 
1.096481 0.956957 1.387274 1.004880 0.725462 1.114822 0.711138 0.787092 0.900353 0.779944 0.756486 0.994335 0.971121 0.896142 0.796122 1.454332 
1.363681 1.311390 1.158777 1.210711 0.885959 0.700350 0.814319 0.912046 1.313426 1.014830 1.274546 1.037444 0.894621 0.875305 1.374028 0.822707 
1.147828 0.780753 1.014330 1.150978 1.226208 0.962726 0.659692 0.748045 1.124670 1.084613 0.964718 0.682506 1.375375 0.995929 0.811491 1.023597 
1.039343 1.461451 1.111887 1.238799 1.099019 1.198352 0.822860 0.987972 0.954388 1.035999 1.059404 0.927990 1.278507 0.940048 0.982039 0.679769 
1.172970 0.863621 0.719926 0.999092 0.895266 1.283228 1.160143 1.191323 1.033044 1.378824 0.898244 0.867393 0.799086 1.016908 1.267640 1.040571 
1.086404 0.811422 0.721084 0.999976 1.067698 1.368086 1.062831 0.975047 0.871518 1.225862 0.601468 1.020325 0.868891 1.017534 1.132322 1.303754 
0.827799 0.850161 1.312322 0.808270 1.023230 1.075731 0.917474 1.564580 0.992495 1.045388 0.677379 1.053383 0.902983 0.828453 1.089381 0.998560 
0.957291 1.150353 1.053157 1.495837 1.479604 1.785952 1.396083 1.038146 1.140743 1.113211 0.920248 0.824977 1.065255 0.953123 0.964940 1.060518 
0.906240 1.108879 0.936629 0.883150 0.956744 0.947374 1.167197 0.973263 0.913553 1.121278 1.067105 1.377448 1.142551 0.988964 0.769248 1.010468 
1.072558 1.003072 0.862359 0.900278 0.896221 1.126714 1.138898 1.225507 0.817850 0.916510 0.868101 0.698995 1.053103 1.094818 0.749042 1.227105 
1.522592 1.320103 0.951840 0.748019 1.352222 1.297335 0.609073 0.814446 0.844703 1.003878 0.711555 1.170593 1.051509 1.172504 0.955478 1.091346 
0.857250 0.961465 0.855912 1.034800 1.520707 1.062303 0.889365 0.802930 1.403618 0.812799 0.780259 1.342858 0.917124 1.031234 0.909385 0.810644 
0.969707 0.899271 1.451313 0.840277 1.144618 0.871107 0.925052 0.989625 1.002739 0.963889 1.149349 1.010843 0.719186 1.006632 0.891443 0.861244 
1.214999 1.083095 1.210058 0.799336 1.192722 0.967342 1.055634 1.190135 1.137685 0.777284 1.143952 1.159921 0.798089 1.121658 0.895648 1.163862 
0.883934 1.217045 1.057732 0.749600 0.659520 0.912909 0.821305 0.903086 0.852685 0.883600 1.541255 1.151976 1.360829 1.183263 1.280446 1.293292 
0.766512 1.146960 1.157380 1.130067 0.878380 1.223872 1.165210 1.235915 0.874194 0.969071 0.874839 1.224444 0.852559 1.056160 1.081491 1.069961 
1.112696 0.946753 1.141784 1.038837 1.167948 1.086813 1.077538 0.800942 1.497956 0.950897 1.100940 1.004325 1.045075 1.343637 0.941235 1.391762 
0.798276 0.950460 0.897145 0.570011 0.911886 1.338287 1.000412 0.882198 1.302822 1.075940 0.756971 0.926835 0.853310 1.107519 1.152458 0.837737 
1.146624 0.942028 1.399229 1.099289 0.888901 1.014644 0.780179 1.124249 0.848168 1.260779 0.836899 1.124226 0.944533 0.968434 1.234211 1.469878 
1.040012 1.024210 0.898093 1.164189 1.360222 0.927780 1.055667 1.164262 0.736381 1.226349 1.001064 0.697406 1.218643 1.249491 1.046677 0.900574 
1.217300 0.583266 0.784677 2.029757 0.874336 1.003490 0.606996 1.287828 1.084851 0.752630 1.065649 0.860932 1.104542 1.344828 0.748733 1.003955 
1.123046 1.116347 0.772099 1.879283 1.278614 1.055435 0.823975 0.738054 0.754135 1.227846 1.574099 1.024787 1.074724 0.825733 1.074797 0.774084 
0.814638 1.134435 0.943356 1.325340 1.036288 0.814645 0.863871 0.974043 1.435459 0.760589 1.255974 0.744456 1.049960 0.949911 1.225475 0.826192 
0.959073 1.154993 1.050331 1.236288 1.636197 1.006340 0.890557 0.799196 0.860868 0.999238 0.946066 0.742107 1.038988 1.016021 1.356254 1.104988 
0.933576 0.836235 1.339507 0.766467 0.932830 0.941176 1.017182 1.075093 0.608927 0.887761 0.788941 0.922115 0.957240 0.740852 0.754817 1.200093 
0.845503 0.944927 1.098293 1.003400 1.545145 0.631913 1.250783 1.120217 1.555581 0.801578 1.039730 1.537666 1.550040 1.008524 0.933982 1.252506 
0.964833 0.764533 1.448063 0.988786 0.679160 0.890254 1.059398 1.219357 1.023187 1.017355 0.921547 1.167548 1.165230 1.040360 1.294076 0.873737 
1.258050 1.163451 1.323511 1.147746 0.925829 1.090577 0.769951 0.827713 0.884685 0.897741 0.836586 1.426827 1.064820 1.305493 1.139645 1.109490 
0.922491 0.677249 0.935513 0.683489 1.161545 0.859100 0.913071 1.170581 1.204854 1.392204 0.973205 1.150709 1.189339 0.792425 1.032997 1.179657 
1.349530 1.239954 1.280553 1.042037 0.759954 0.826054 1.057551 0.733538 0.820473 1.278663 1.438402 0.852348 0.898402 1.121227 1.218668 1.206509 
1.226086 1.324175 0.744927 1.019308 1.025342 1.164492 1.061175 0.964797 0.841554 1.181381 1.016324 1.012635 1.120712 0.940573 0.787390 0.808800 
1.135518 1.175828 0.861240 1.258626 1.195789 1.209259 0.866279 1.039448 0.915491 1.102852 0.718755 0.867485 0.912663 1.357978 1.070627 1.164247 
1.136240 0.811069 1.321798 1.034732 1.238438 1.033481 0.979423 0.985784 0.810910 0.563962 1.311180 1.125013 1.343217 1.323395 1.005357 1.156873 
0.923417 0.908222 0.854907 0.763716 1.265801 1.390899 1.241222 1.382732 1.136247 1.041707 1.116680 0.917995 0.987559 0.580499 1.223954 1.357671 
1.402781 1.330724 1.196531 0.900078 0.916261 0.959524 1.166556 0.978250 1.033276 1.045111 0.825525 0.861522 1.073142 1.189376 1.397677 0.947583 
0.891711 1.129305 0.990693 1.326333 0.921588 0.818460 0.824159 1.132801 0.621175 0.838740 0.826599 0.936898 1.287754 0.841800 0.965710 1.163751 
1.233920 1.280177 0.816984 1.348853 1.000464 0.612426 1.069734 0.987411 0.914455 1.015921 1.342116 1.110582 1.226045 0.864060 0.903046 1.012532 
0.863821 0.681168 0.954377 0.706924 1.134212 1.325766 0.853884 1.199997 0.746470 0.998280 1.169826 1.074280 0.749145 1.439226 0.796476 1.055262 
1.102650 0.882135 0.856781 1.390060 1.285527 0.907042 0.757164 1.057453 0.913978 0.918685 0.969500 1.045225 0.736416 1.476210 0.951756 0.993563 
0.828387 1.216372 0.823532 0.889617 0.951494 1.285921 1.073543 1.357423 1.002144 1.148491 1.179035 0.784502 1.400669 1.570434 1.117814 0.990675 
0.850645 1.048285 1.019025 0.828971 1.290479 0.768964 1.083415 0.988965 1.234290 1.045523 1.566321 1.055490 0.921767 0.893007 0.929739 1.114826 
0.997849 1.127506 0.944551 1.114045 1.319470 1.171810 1.079082 0.891093 0.944369 1.603243 0.908289 1.043013 0.905764 1.000707 0.863002 0.846859 
0.920476 1.084602 0.868123 1.457716 1.204297 1.096323 0.897837 0.632788 0.930256 0.820233 0.689273 1.162185 1.548236 1.132048 0.927540 0.826782 
1.063935 1.029124 0.979444 0.868830 1.315405 1.046583 1.202227 0.695111 1.059194 1.351748 1.116159 1.040742 1.058806 1.005949 1.176136 1.002471 
0.906237 0.929685 0.996639 0.885908 0.979171 1.086168 0.699906 0.904835 0.698059 0.800935 0.813059 1.070661 1.109943 1.046334 0.842276 0.872802 
1.097842 0.977322 1.176820 0.845162 0.680167 0.759552 0.810992 0.861051 0.760947 0.881606 0.901810 0.660955 0.967385 1.043725 1.030669 1.019961 
1.340568 1.375177 1.018747 1.004051 1.082504 0.732290 0.896996 0.761363 1.203032 1.027309 1.336439 1.289010 1.019218 1.203639 1.236985 1.005501 
0.921722 0.971893 1.108272 0.953442 1.083008 0.890178 1.153990 1.252495 0.786708 0.999074 1.051446 0.764890 0.973746 0.930829 0.987517 0.869007 
1.133726 1.025570 0.883971 1.094443 1.091799 1.628792 0.672466 1.125690 1.089939 0.927023 1.223153 1.074584 0.769479 1.190344 0.783763 1.091023 
0.857944 1.128464 1.331526 1.232707 1.030579 0.858322 1.138851 1.258058 0.659884 1.461050 1.005534 0.824254 1.051527 1.054984 0.868874 1.155501 
0.991244 0.689180 1.256181 0.963288 1.319500 1.210930 1.187019 0.878790 0.964923 1.073195 0.813546 1.143072 1.435086 0.777656 1.207056 1.220398 
0.978076 0.809634 0.985684 1.106767 0.982894 0.880880 1.008064 0.937762 0.759954 0.917010 0.908703 1.461667 1.173592 1.655144 0.863286 1.342169 
1.153534 0.994979 1.060371 1.298241 0.846359 1.175412 1.020468 0.983256 0.935177 0.856857 0.994493 0.937389 0.949838 0.928226 1.204942 1.288727 
1.101155 0.732740 0.785107 0.684875 1.217458 0.757669 0.914592 1.041590 0.771965 0.969683 0.961450 1.187933 0.993060 1.192499 1.052313 0.918935 
1.048139 1.415437 1.076315 0.668423 0.675681 1.375263 1.038065 0.858224 1.029762 0.854944 1.111540 1.033887 1.113518 0.894950 0.990391 0.655588 
1.083067 0.909281 0.912121 1.061221 0.858854 0.811777 1.239165 0.966505 1.099008 0.895837 0.799734 0.852376 1.533730 0.687071 0.977998 1.356805 
0.742811 1.427359 0.964375 0.736347 1.365033 1.161266 1.092019 1.042650 0.744320 0.887211 1.034571 0.895976 0.722392 1.214345 1.602572 1.118576 
1.074373 1.072698 0.936340 1.299180 0.626355 1.105645 1.268260 1.004242 0.911583 0.867602 0.844314 0.983085 0.870235 1.135124 0.898224 0.777938 
0.728074 0.966145 0.839608 1.045172 0.977802 1.543303 1.102086 0.843634 0.868181 0.868851 0.577450 1.116014 1.226851 1.068910 1.368803 0.926880 
1.156727 0.966473 1.014062 0.818092 0.697993 1.035199 0.698377 0.787250 1.059255 0.983593 1.292632 1.025712 0.737136 1.417673 1.096103 0.858344 
0.794172 1.027975 1.049406 1.303937 1.113580 1.184404 0.887287 1.131463 0.881869 1.261417 0.924096 1.102263 1.142541 1.097666 0.769719 0.872891 
0.800222 0.916027 1.138111 1.121083 1.072884 1.099263 1.210075 1.110011 0.702770 1.149276 1.199733 1.018266 1.372083 0.979296 0.982246 0.649709 
0.828486 1.352368 1.093337 0.682005 0.724157 0.688581 1.338532 1.790548 1.232615 1.058030 1.252400 1.187339 1.411159 1.116305 1.057299 0.985843 
0.992922 1.102983 1.199215 0.848289 1.171232 0.997358 0.727532 1.472668 0.688310 0.917462 0.820721 1.049082 0.731224 1.006612 1.167925 1.133853 
0.955623 0.801155 0.779183 0.762968 0.678767 0.987000 0.805759 1.152238 1.004628 0.875683 0.788549 0.904799 1.183755 1.069376 0.831450 0.773597 
